0 0 0 0 0 0 0 0 0 0 0 0 0 0 0 0 0 0 0 0 0 0 0 0 0 0 0 0 0 0 0 0 0 0 0 0 0 0 0 0 0 0 0 0 0 0 0 0 0 0 0 0 0 0 0 0 0 0 0 0 0 0 0 0 0 0 0 0 0 0 0 0 0 0 0 0 0 0 0 0 0 0 0 0 0 0 0 6 6 6 2 0 0 0 0 0 0 0 0 0 0 0 0 0 0 0 0 0 0 0 0 0 0 0 0 0 0 0 0 0 0 0 0 0 0 0 0 0 0 0 0 0 0 0 0 0 2 2 0 0 0 0 6 6 2 0 0 0 0 0 0 0 0 0 0 0 0 0 0 0 0 0 0 0 0 0 0 0 0 0 0 0 0 0 @
0 0 0 0 0 0 0 0 0 0 0 0 0 0 0 0 0 0 0 0 0 0 0 0 0 0 0 0 0 0 0 0 0 0 0 0 0 0 0 0 0 0 0 0 0 0 0 0 0 0 0 0 0 0 0 0 0 0 0 0 0 0 0 0 0 0 0 0 0 0 0 0 0 0 0 0 0 0 0 0 0 0 0 0 0 0 0 0 2 6 0 0 0 0 0 0 0 0 0 0 0 0 0 0 0 0 0 0 0 0 0 0 0 0 0 0 0 0 0 0 0 0 0 0 0 0 0 0 0 0 0 0 0 0 0 0 2 6 2 0 0 0 2 2 2 0 0 0 0 0 0 0 0 0 0 0 0 0 0 0 0 0 0 0 0 0 0 0 0 0 0 0 0 0 @
0 0 0 0 0 0 0 0 0 0 0 0 0 0 0 0 0 0 0 0 0 0 0 0 0 0 0 0 0 0 0 0 0 0 0 0 0 0 0 0 0 0 0 0 0 0 0 0 0 0 0 0 0 0 0 0 0 0 0 0 0 0 0 0 0 0 0 0 0 0 0 0 0 0 0 0 0 0 0 0 0 0 0 0 0 0 0 0 0 0 0 0 0 0 0 0 0 0 0 0 0 0 0 0 0 0 0 0 0 0 0 0 0 0 0 0 0 0 0 0 0 0 0 0 0 0 0 0 0 0 0 0 0 0 0 2 6 6 6 6 2 2 2 6 6 2 2 8 6 0 0 0 0 0 0 0 0 0 0 0 0 0 0 0 0 0 0 0 0 0 0 0 0 0 @
0 0 0 0 0 0 0 0 0 0 0 0 0 0 0 0 0 0 0 0 0 0 0 0 0 0 0 0 0 0 0 0 0 0 0 0 0 0 0 0 0 0 0 0 0 0 0 0 0 0 0 0 0 0 0 0 0 0 0 0 0 0 0 0 0 0 0 0 0 0 0 0 0 0 0 0 0 0 0 0 0 0 0 0 0 0 0 0 0 0 0 0 0 0 0 0 0 0 0 0 0 0 0 0 0 0 0 0 0 0 0 0 0 0 0 0 0 0 0 0 0 0 0 0 0 0 0 0 0 0 0 0 0 0 0 2 6 6 2 2 6 6 6 6 6 6 8 8 8 0 0 0 0 0 0 0 0 0 0 0 0 0 0 0 0 0 0 0 0 0 0 0 0 0 @
0 0 0 0 0 0 0 0 0 0 0 0 0 0 0 0 0 0 0 0 0 0 0 0 0 0 0 0 0 0 0 0 0 0 0 0 0 0 0 0 0 0 0 4 4 0 0 0 0 0 0 0 0 0 0 0 0 0 0 0 0 0 0 0 0 0 0 0 0 0 0 0 0 0 0 0 0 0 0 0 0 0 0 0 0 0 0 0 0 0 0 0 0 0 0 0 0 0 0 0 0 0 0 0 0 0 0 0 0 0 0 0 0 0 0 0 0 0 2 2 0 0 0 0 0 0 0 0 0 0 0 0 0 0 0 2 6 6 2 6 6 2 2 2 0 2 F 7 8 8 0 0 0 0 0 0 0 0 0 0 0 0 0 0 0 0 0 0 0 0 0 0 0 0 @
0 0 0 0 0 0 0 0 0 0 0 0 0 0 0 0 0 0 0 0 0 0 0 0 0 0 0 0 0 0 0 0 0 0 0 0 0 0 0 0 0 0 0 0 0 0 0 0 0 0 0 0 0 0 0 0 0 0 0 0 0 0 0 0 0 0 0 0 0 0 0 0 0 0 0 0 0 0 0 0 0 0 0 0 0 0 0 0 0 0 0 0 0 0 0 0 0 0 0 0 0 0 0 0 0 0 0 0 0 0 0 0 2 2 2 2 2 2 2 2 0 0 0 0 0 0 0 0 0 0 0 0 0 0 0 0 2 2 6 6 6 2 2 0 0 8 7 7 F 7 0 0 0 0 0 0 0 0 0 0 0 0 0 0 0 0 0 0 0 0 0 0 0 0 @
0 0 0 0 0 0 0 0 0 0 0 0 0 0 0 0 0 0 0 0 0 0 0 0 0 0 0 0 0 0 0 0 0 0 0 0 0 0 0 0 0 0 0 0 0 0 0 0 0 0 0 0 0 0 0 0 0 0 0 0 0 0 0 0 0 0 0 0 0 0 0 0 0 0 0 0 0 0 0 0 0 0 0 0 0 0 0 0 0 0 0 0 0 0 0 0 0 0 0 0 0 0 0 0 0 0 0 0 0 0 0 0 2 2 2 2 2 2 2 2 0 0 0 0 0 0 0 0 0 0 0 0 0 0 0 0 0 0 2 6 6 2 0 0 0 0 2 8 7 2 0 0 0 0 0 0 0 0 0 0 0 0 0 0 0 0 0 0 0 0 0 0 0 0 @
0 0 0 0 0 0 0 0 0 0 0 0 0 0 0 0 0 0 0 0 0 0 0 0 0 0 0 0 0 0 0 0 0 0 0 0 0 0 0 0 0 0 0 0 0 0 0 0 0 0 0 0 0 0 0 0 0 0 0 0 0 0 0 0 0 0 0 0 0 0 0 0 0 0 0 0 0 0 0 0 0 0 0 0 0 0 0 0 6 0 0 0 0 0 0 0 0 0 0 0 0 0 0 0 0 0 0 0 0 0 0 0 2 2 2 2 2 2 2 2 2 0 0 0 0 0 0 0 0 0 0 0 0 0 0 0 0 0 2 2 2 2 0 0 0 0 0 8 8 2 0 0 0 0 0 0 0 0 0 0 0 0 0 0 0 0 0 0 0 0 0 0 0 0 @
0 0 0 0 0 0 0 0 0 0 0 0 0 0 0 0 0 0 0 0 0 0 0 0 0 0 0 0 0 0 0 0 0 0 0 0 0 0 0 0 0 0 0 0 0 0 0 0 0 0 0 0 0 0 0 0 0 0 0 0 0 0 0 0 0 0 0 0 0 0 0 0 0 0 0 0 0 0 0 0 0 0 0 0 0 0 0 4 6 0 0 0 0 0 0 0 0 0 0 0 0 0 0 0 0 0 0 0 0 0 0 0 2 2 2 2 2 2 2 2 2 0 0 0 0 0 0 0 0 0 0 0 0 0 0 0 2 2 2 2 2 2 0 0 0 0 0 8 8 2 0 0 0 0 0 0 0 0 0 0 0 0 0 0 0 0 0 0 0 0 0 0 0 0 @
0 0 0 0 0 0 0 0 0 0 0 0 0 0 0 0 0 0 0 0 0 0 0 0 0 0 0 0 0 0 0 0 0 0 0 0 0 0 0 0 0 0 0 0 0 0 0 0 0 0 0 0 0 0 0 0 0 0 0 0 0 0 0 0 0 0 0 0 0 0 0 0 0 0 0 0 0 0 0 0 0 0 0 0 0 0 0 0 0 0 0 0 0 0 0 0 0 0 0 0 0 8 4 4 0 0 0 0 0 0 0 0 2 2 2 2 2 2 2 2 2 0 0 0 0 0 0 0 0 0 0 0 0 0 0 2 2 2 2 2 2 0 0 0 0 0 0 8 8 0 0 0 0 0 0 0 0 0 0 0 0 0 0 0 0 0 0 0 0 0 0 0 0 0 @
0 0 0 0 0 0 0 0 0 0 0 0 0 0 0 0 0 0 0 0 0 0 0 0 0 0 0 0 0 0 0 0 0 0 0 0 0 0 0 0 0 0 0 0 0 0 0 0 0 0 4 0 0 0 0 0 0 0 0 0 0 0 0 0 0 0 0 0 0 0 0 0 0 0 0 0 0 0 0 0 0 0 0 0 0 4 6 0 0 0 0 0 0 0 0 0 0 0 0 0 8 8 8 4 0 0 0 0 0 0 0 0 0 2 2 2 2 2 2 2 2 0 0 0 0 0 0 0 0 0 0 0 0 0 2 2 2 2 2 2 2 0 0 0 0 0 0 0 0 0 0 0 0 0 0 0 0 0 0 0 0 0 0 0 0 0 0 0 0 0 0 0 0 0 @
0 0 0 0 0 0 0 0 0 0 0 0 0 0 0 0 0 0 0 0 0 0 0 0 0 0 0 0 0 0 0 0 0 0 0 0 0 0 0 0 0 0 0 0 0 0 0 6 8 7 F 8 4 6 8 8 0 0 0 0 0 0 0 0 0 0 0 0 0 0 0 0 0 0 0 0 0 0 0 0 0 0 0 0 0 0 4 0 0 0 0 0 0 0 0 0 0 0 0 0 0 8 8 4 0 0 0 0 0 0 0 0 0 0 2 2 2 2 2 2 0 0 0 0 0 0 0 0 0 0 0 0 0 0 2 2 2 2 2 2 0 0 0 0 0 0 0 0 0 0 0 0 0 0 0 0 0 0 0 0 0 0 0 0 0 0 0 0 0 0 0 0 0 0 @
0 0 0 0 0 0 0 0 0 0 0 0 0 0 0 0 0 0 0 0 0 0 0 0 0 0 0 0 0 0 0 0 0 0 0 0 0 0 0 0 0 0 6 6 6 8 C F F F F C C F F F 7 7 8 6 6 6 6 4 0 0 0 0 0 0 0 0 0 0 0 0 0 0 0 0 0 0 0 4 0 0 0 0 0 0 0 0 0 0 0 0 0 0 0 0 0 4 6 0 0 0 0 0 0 0 0 0 0 0 0 2 2 6 2 0 0 0 0 0 0 0 0 0 0 0 0 0 0 0 2 6 2 2 2 2 2 0 0 0 0 0 0 0 0 0 0 0 0 0 0 0 0 0 0 0 0 0 0 0 0 0 0 0 0 0 0 0 0 0 @
0 0 0 0 0 0 0 0 0 0 0 0 0 0 0 0 0 0 0 0 0 0 0 0 0 0 0 0 0 0 0 0 0 0 0 0 0 0 0 0 4 7 F F F F F C C C C F F F F F F F F F F F C 7 6 0 0 0 0 0 0 0 0 0 0 0 0 0 0 4 6 7 C 7 7 7 C 8 0 0 4 0 0 0 0 0 0 8 8 0 0 0 0 0 0 0 0 0 0 2 2 0 0 0 0 0 0 2 0 0 0 0 0 0 0 0 0 0 0 0 0 0 0 0 0 2 6 6 6 2 0 0 0 0 0 0 0 0 0 0 0 0 0 0 0 0 0 0 0 0 0 0 0 0 0 0 0 0 0 0 0 0 0 0 @
0 0 0 0 0 0 0 0 0 0 0 0 0 0 0 0 0 0 0 0 0 0 0 0 0 0 0 0 0 0 0 0 0 0 0 0 0 4 6 8 C F F F F C C C C F F F C C F F F F F F F F F F F F F F C 8 6 4 4 4 8 7 8 7 F F F F F F F F F F 7 F F 8 4 6 4 4 4 8 8 4 0 0 0 0 0 0 0 0 0 2 2 2 0 0 0 0 0 0 0 0 0 0 0 0 0 0 0 0 0 0 0 0 0 0 0 0 2 2 0 0 0 0 0 0 0 0 0 0 0 0 0 0 0 0 0 0 0 0 0 0 0 0 0 0 0 0 0 0 0 0 0 0 0 0 @
0 0 0 0 0 0 0 0 0 0 0 0 0 0 0 0 0 0 0 0 0 0 0 0 0 0 0 0 0 0 0 0 0 0 4 4 4 C F F F F C C C C C C C F C C C C C C C F F F F F C F F F F F F F F F F F F F F F F F F F F F F F F F F F F F F F C F F C C 8 0 0 0 0 0 0 0 0 0 2 2 2 0 0 0 0 0 0 0 0 0 0 0 0 0 0 0 0 0 0 0 0 0 0 0 0 0 0 0 0 0 0 0 0 0 0 0 0 0 0 0 0 0 0 0 0 0 0 0 0 0 0 0 0 0 0 0 0 0 0 0 0 0 0 @
0 0 0 0 0 0 0 0 0 0 0 0 0 0 0 0 0 0 0 0 0 0 0 0 0 0 0 0 0 0 0 0 4 8 8 8 C C C C C C C C C C C C C F F C C C C C C C C C C C C F F F F F F F F F F F F F F F F F F F F F F F F F F C F F F F F F F F F 7 0 0 0 0 0 0 0 0 0 2 6 2 0 0 0 0 0 0 0 0 0 0 0 0 0 0 0 0 0 0 0 0 0 0 0 0 0 0 0 0 0 0 0 0 0 0 0 0 0 0 0 0 0 0 0 0 4 4 4 4 4 4 4 4 4 4 4 4 0 0 0 0 0 0 @
0 0 0 0 0 0 0 0 0 0 0 0 0 0 0 0 0 0 0 0 0 0 0 0 0 0 0 0 0 4 4 4 6 C C C C C C C C C C C C C C C C C C C C C C C C C C C C C C F F F F F F F F F F F F F F F F C C C F F F F F F F F C C F F F F F F F C 7 7 7 C 7 4 0 0 0 0 0 0 0 0 0 0 0 0 0 0 0 0 0 0 0 0 0 0 0 0 0 0 0 0 0 0 0 0 0 0 0 0 0 0 0 0 0 0 0 0 0 0 0 0 0 0 4 4 4 4 4 4 4 4 4 4 4 4 0 0 0 0 0 0 @
0 0 0 0 0 0 0 0 0 0 0 0 0 0 0 0 0 0 0 0 0 0 0 0 0 0 0 0 4 8 6 6 6 C C C C C C C C C C C C C C C C C C C C C C C C C C C C C C C F F F F F F F F F F F F F C C F F F F F F F F F F C C F F F F F F F F F F F F F F C 6 0 0 0 0 0 0 0 0 0 0 0 0 0 0 0 0 0 0 0 0 0 0 0 0 0 0 0 0 0 0 0 0 0 0 0 0 0 0 0 0 0 0 0 0 0 0 0 0 0 4 4 4 4 4 4 4 4 4 4 4 4 0 0 0 0 0 0 @
0 0 0 0 0 0 0 0 0 0 0 0 0 0 0 0 0 0 0 0 0 0 0 0 0 0 0 4 6 6 6 6 6 6 6 C C C C C C C C C C C C C C C C C C C C C C C C C C C C F F F F F F F C C C C F F F F F F F F F F F F F F F C F F F F F F F F C C C C C F F F F 8 0 0 0 0 0 0 0 0 0 0 0 0 0 0 0 0 0 0 0 0 0 0 0 0 0 0 0 0 0 0 0 0 0 0 0 0 0 0 0 0 0 0 0 0 0 0 0 0 4 4 4 4 4 4 4 4 4 4 4 4 0 0 0 0 0 0 @
0 0 0 0 0 0 0 0 0 0 0 0 0 0 0 0 0 0 0 0 0 0 0 0 0 4 4 6 6 6 6 6 6 6 6 6 C C 6 6 C C C C C C C C C C C C C C C C C C C C C C C F F F F F F F C C C F F F F F F F F C C C C C F F F F F F F C C C C C C C C C C C C F F 8 0 0 0 0 0 0 0 0 0 0 0 0 0 0 0 0 0 0 0 0 0 0 0 0 0 0 0 0 0 0 0 0 0 0 0 0 0 0 0 0 0 0 0 0 0 0 0 0 4 4 4 4 4 4 4 4 4 4 4 4 0 0 0 0 0 0 @
0 0 0 0 0 0 0 0 0 0 0 0 0 0 0 0 0 0 0 0 0 0 0 0 0 6 6 6 6 6 4 4 6 6 6 6 6 6 6 6 C C C C C C C C C C C C C C C C C C C C C C C C F F F F F C C F F F F F F F F F C C C C C C C F F F F C C C C C C C C C C C C C C C 6 4 0 0 0 0 0 0 0 0 0 0 0 0 0 0 0 0 0 0 0 0 0 0 0 0 0 0 0 0 0 0 0 0 0 0 0 0 0 0 0 0 0 0 0 0 0 0 0 0 4 4 4 4 4 4 4 4 4 4 4 4 0 0 0 0 0 0 @
0 0 0 0 0 0 0 0 0 0 0 0 0 0 0 0 0 0 0 0 0 0 0 0 4 6 6 4 4 4 4 4 4 4 6 6 6 6 6 6 C C C C C C C C C C C C C C C C C C C C C C C C C C C C C C C C F F F F C C C C C C C C C C C C C F F F C C C C C C C C C C C C C C C C 7 8 6 0 0 0 0 0 0 0 0 0 0 0 0 0 0 0 0 0 0 0 0 0 0 0 0 0 0 0 0 0 0 0 0 0 0 0 0 0 0 0 0 0 0 0 0 0 4 4 4 4 4 4 4 4 4 4 4 4 0 0 0 0 0 0 @
0 0 0 0 0 0 0 0 0 0 0 0 0 0 0 0 0 0 0 0 0 0 0 0 4 6 4 4 4 4 4 4 4 4 4 6 6 6 6 6 C C C C C C C C C C C 6 C C C C C C C C C C C C C C C C C C C C C C C C C C C C C C C C C C C C C C C C C C C C C C C C C C C C C C F F F F F 7 0 0 0 0 0 0 0 0 0 0 0 0 0 0 0 0 0 0 0 0 0 0 0 0 0 0 0 0 0 0 0 0 0 2 0 0 0 0 0 0 0 0 0 0 4 4 4 4 4 4 4 4 4 4 4 4 0 0 0 0 0 0 @
0 0 0 0 0 0 0 0 0 0 0 0 0 0 0 0 0 0 0 0 0 0 0 0 4 4 4 4 4 4 4 4 4 4 4 6 6 6 6 6 C C C C C C C 6 6 6 6 6 C 6 6 C C C C C C C C C C C C C C C C C C C C C C C C C C C C C C C C C C C C C C C C C C C C C C C C C C F F F F F F F 7 6 0 0 0 0 0 0 0 0 0 0 0 0 0 0 0 0 0 0 0 0 0 0 0 0 0 2 0 0 0 0 2 8 8 6 0 2 0 0 0 0 0 0 4 4 4 4 4 4 4 4 4 4 4 4 0 0 0 0 0 0 @
0 0 0 0 0 0 0 0 0 0 0 0 0 0 0 0 0 0 0 0 0 0 0 0 4 4 4 4 4 4 4 4 4 4 4 4 6 6 6 6 6 C C C 6 C C C C C C C 6 6 6 C C C C C C C C C C C C C C C C C C C C C C C C C C C C C C C C C C C C C C C C C C C C C F F F F F F F F F F F F F 7 0 0 0 0 0 0 0 0 0 0 0 0 0 0 0 6 6 6 2 0 0 0 0 2 6 6 2 2 0 0 2 8 8 8 2 2 0 0 0 0 0 0 4 4 4 4 4 4 4 4 4 4 4 4 0 0 0 0 0 0 @
0 0 0 0 0 0 0 0 0 0 0 0 0 0 0 0 0 0 0 0 0 0 0 0 4 4 4 4 4 4 4 4 4 4 4 4 4 6 6 6 6 C 6 6 6 C C C C C C C C C C C C C C C C C C C C C C C C C C C C C C C C C C C C C C C C C C C C C C C C C C C C C C C F F F F F F F F F F F F F F 7 0 0 0 0 0 0 0 0 0 0 0 0 0 0 6 2 2 6 2 2 2 2 2 2 2 2 2 2 0 2 2 2 2 2 2 0 0 0 0 0 0 4 4 4 4 4 4 4 4 4 4 4 4 0 0 0 0 0 0 @
7 8 0 0 0 0 0 0 0 0 0 0 0 0 0 0 0 0 0 0 0 0 0 0 4 4 4 4 4 4 4 4 4 4 4 4 4 4 4 6 6 6 6 6 6 C C C C 7 F F F C C C C C C C C C C C C C C C C C C C C C C C C C C C C C C C C C C C C C C C C C C C C C C C F F F F F F F F F F F F F F F 7 0 0 0 0 0 0 0 0 0 0 0 0 0 6 6 2 2 2 2 6 6 6 2 2 2 2 2 2 2 2 2 2 2 2 0 0 0 0 0 0 4 4 4 4 4 4 4 4 4 4 4 4 0 0 0 0 0 0 @
F 7 0 0 0 0 0 0 0 0 0 0 0 0 0 0 0 0 0 0 0 0 0 0 4 4 4 4 4 4 4 4 4 4 4 4 4 4 6 6 6 6 6 6 6 C C C F F F F F F F C C C C C 6 6 C C C C C C C C C C C C C C C C C C C C C C C C C C C C C C C C C C C C C C F F F F F F F F F F F F F F F F 6 0 0 0 0 0 0 0 0 0 0 0 0 2 6 2 2 2 2 2 2 2 2 6 2 2 2 2 2 2 2 2 2 0 0 0 0 0 0 0 2 2 2 2 2 2 2 2 2 2 2 2 0 0 0 0 0 0 @
7 0 0 0 0 0 0 0 0 0 0 0 0 0 0 0 0 0 0 0 0 0 0 0 0 4 4 4 4 4 4 4 4 4 4 4 4 4 8 C C C C C C C C C F F F F F F F F C C C C C C C C C C C C C C C C C C C C C C C C C C C C C C C C C C C C C C C C C C C C F F F F F F F F F C C C F F F F F C 4 0 0 0 0 0 0 0 0 0 0 2 6 2 2 2 2 7 7 7 7 2 6 2 0 0 0 0 0 0 0 0 0 0 0 0 0 0 2 2 2 2 2 2 2 2 2 2 2 2 0 0 0 0 0 0 @
0 0 0 0 0 0 0 0 0 0 0 0 0 0 0 0 0 0 0 0 0 0 0 0 0 0 4 4 4 4 4 4 4 4 4 4 4 4 8 C C C C 7 7 F 7 C F F F F F F F F F F C C C C C C C C C C C C C C C C C C C C C C C C C C C C C 6 6 6 6 6 6 6 6 6 C C C C C F F F F F F F C C C C C C C C F F C 6 4 0 0 0 0 0 2 2 2 6 2 7 2 6 2 7 7 7 7 7 2 2 2 2 8 8 2 0 0 0 0 0 0 0 0 0 2 2 2 2 2 2 2 2 2 2 2 2 0 0 0 0 0 0 @
0 0 0 0 0 0 0 0 0 0 0 0 0 0 0 0 0 0 0 0 0 0 0 0 0 0 0 8 C C 8 4 4 4 4 4 4 4 8 C C 7 7 F F F 7 7 7 8 7 7 F F F F F F F F F C C C C C C C C C C C C C C C C C C C C C C C C C C C C C 6 6 6 6 6 6 6 6 6 6 6 C C C F F F F C C C C C C C C C F F 7 4 0 0 0 0 0 6 6 6 6 2 2 2 2 6 2 7 7 7 7 2 2 8 2 7 7 6 2 0 0 0 0 0 0 0 0 2 2 2 2 2 2 2 2 2 2 2 2 0 0 0 0 0 0 @
0 0 0 0 0 0 0 0 0 0 0 0 0 0 0 0 0 0 0 0 0 0 0 0 0 0 0 C F F C 8 4 4 4 4 4 4 8 C F F F 7 F F 7 7 8 0 8 F F F F F F F F F F F C C C C C C C C C C C C C C C C C C C C C C C C 6 6 6 6 6 6 6 6 C C C C C C C C C C C F C C C C C C C C C C C F F C 6 0 0 0 0 0 0 0 0 2 2 6 6 2 2 2 2 7 7 7 2 2 7 7 7 2 2 2 0 0 0 0 0 0 0 0 2 2 2 2 2 2 2 2 2 2 2 2 0 0 0 0 0 0 @
0 0 0 0 0 0 0 0 0 0 0 0 0 0 0 0 0 0 0 0 0 0 0 0 0 0 7 F F F F C 4 4 4 4 4 4 4 C F F F F F F F 7 7 8 7 F F F F F F F F F F F C C C C C C C C C C C C C C C C C C C C C C C C C 6 6 C C C C C C C C C C C C C C C C C C C C C C C C C C C C F F 7 4 0 0 0 0 0 0 0 0 0 0 2 6 6 2 2 2 2 2 2 2 2 7 7 2 2 2 2 0 0 0 0 0 0 0 0 2 2 2 2 2 2 2 2 2 2 2 2 0 0 0 0 0 0 @
0 0 0 0 0 0 0 0 0 0 0 0 0 0 0 0 0 0 0 0 0 0 0 0 0 0 F F F F F F 6 4 4 4 4 4 4 C C F F F F F F C C C F 7 F F F F 7 F F F F F C C C C C C C C C C C C C C C C C C C C C C C C C C C C C C C C C C C C C C C C C C C C C C C C C C C C C C C F C 6 0 0 0 0 0 0 0 0 0 0 0 0 0 2 6 2 6 6 2 2 2 7 7 2 2 6 2 0 0 0 0 0 0 0 0 0 2 2 2 2 2 2 2 2 2 2 2 2 0 0 0 0 0 0 @
0 0 0 0 0 0 0 0 0 0 0 0 0 0 0 0 0 0 0 0 0 0 0 0 0 8 F F F F F F C 8 4 4 4 4 4 6 C 7 F F F F F F F F 7 7 F F 7 C C F F F F F F C C C C C C C C C C C C C C C C C C C C C C C C C C C C C C C C C F C C C C C C C C C 6 C C C C C C C C C C C C 4 0 0 0 0 0 0 0 0 0 0 0 0 0 0 0 2 6 2 2 6 2 2 2 2 2 2 0 0 0 0 0 0 0 0 0 0 2 2 2 2 2 2 2 2 2 2 2 2 0 0 0 0 0 0 @
0 0 0 0 0 0 0 0 0 0 0 0 0 0 0 0 0 0 0 0 0 0 0 0 0 C F F F F F F F C 8 4 4 4 4 6 C 7 7 F F F F F F F F F F 7 C C 7 F F F F F F F C C C C C C C C C C C C C C C C C C C C C C C C C C C C C C C C C C C C C C C C C C C C C C C C C C C C C C C 6 0 0 0 0 0 0 0 0 0 0 0 0 0 0 0 0 2 2 2 2 2 2 6 2 2 2 2 0 0 0 0 0 0 0 0 0 2 2 2 2 2 2 2 2 2 2 2 2 0 0 0 0 0 0 @
0 0 0 0 0 0 0 0 0 0 0 0 0 0 0 0 0 0 0 0 0 0 0 0 4 F F F F F F F F F C 8 4 4 8 C 7 7 7 F F F F F F F 7 7 F F 7 F F F F F F F F C C C C C C C C C C C C C C C C C C C C C C C C C C C C C C C C C C C C 6 6 6 6 C C C C C C C C C C C C C C C C 8 6 7 C 7 0 0 0 0 0 0 0 0 0 0 0 0 0 0 2 6 6 2 2 0 0 2 2 0 0 0 0 0 0 0 0 0 2 2 2 2 2 2 2 2 2 2 2 2 0 0 0 0 0 0 @
0 0 0 0 0 0 0 0 0 0 0 0 0 0 0 0 0 0 0 0 0 0 0 0 8 F F F F F F F F F 7 8 4 4 8 C 7 F F F F F F F F F F F C F F F F F F F F F F C C C C C C C C C C C C C C C C C C C C C C C C C C C C C C C C C C 6 6 4 6 6 6 C C C C C C C C 6 C C C C C C F F F F F F 4 0 0 0 0 0 0 0 0 0 0 0 0 0 0 2 0 0 0 0 0 2 2 0 0 2 0 0 0 0 0 0 2 2 2 2 2 2 2 2 2 2 2 2 0 0 0 0 0 0 @
0 0 0 0 0 0 0 0 0 0 0 0 0 0 0 0 0 0 0 0 0 0 0 0 8 F F F F F F F F F 7 4 0 0 4 7 C C 7 F F F F F F F F F F F F F F F F F F F F C C C C C C C C C C C C C C C C C C C C C C C C C C C C C C C C C 6 6 6 6 6 6 C C C C C C C C C 6 C C C C C C F F F F F C 0 0 0 0 0 0 0 0 0 0 0 0 0 0 0 0 0 0 0 2 6 8 8 6 2 2 0 0 0 0 0 0 2 2 2 2 2 2 2 2 2 2 2 2 0 0 0 0 0 0 @
0 0 0 0 0 0 0 0 0 0 0 0 0 0 0 0 0 0 0 0 0 0 0 0 7 F F F F F F F F F 8 4 0 0 0 8 7 7 7 F F F F F F F F F F F F F F F F F F F C C C C C C C C C C C C C C C C C C C C C C C C C C C C C C C C C C 6 6 6 6 6 C C C C C C C C C C C C C C C C F F F F F F C 6 4 0 0 0 0 0 0 0 0 0 0 0 0 0 0 0 0 2 2 2 2 7 2 2 7 0 0 0 0 0 0 4 4 4 4 4 4 4 4 4 4 4 4 0 0 0 0 0 0 @
0 0 0 0 0 0 0 0 0 0 0 0 0 0 0 0 0 0 0 0 0 0 0 0 7 F F F F F F F F F 7 4 0 0 0 4 7 F F F F F F F F F F F F F F F F F F F F F C C C C C C C C C C C C C C C C C C C C C C C C C C C C C C C 6 6 6 6 6 6 6 C C C C C C C C C C C C C C C C F F F F F F F C F C C 7 7 6 0 0 0 0 0 0 0 0 0 4 0 0 8 2 2 2 7 7 7 F 0 0 0 0 0 0 4 4 4 4 4 4 4 4 4 4 4 4 0 0 0 0 0 0 @
0 0 0 0 0 0 0 0 0 0 0 0 0 0 0 0 0 0 0 0 0 0 0 0 C F F F F F F F F F 7 8 0 0 4 8 7 F F F F F F F F F F F F F F F F F F F F F C C C C C C C C C C C C C C C C C C C C C C C C C C C C 6 6 6 6 6 6 6 6 6 6 C C C C C C C C C C C C C C C C F F F F F C F F F F F F F 8 4 0 0 0 0 0 0 0 0 6 4 0 8 7 2 2 7 7 F F 0 0 0 0 0 0 4 4 4 4 4 4 4 4 4 4 4 4 0 0 0 0 0 0 @
0 0 0 0 0 0 0 0 0 0 0 0 0 0 0 0 0 0 0 0 0 0 0 0 F F F F F F F F F F 7 8 4 0 4 8 7 F F F F F F F F F F F F F F F F F F F F F C C C C C C C C C C C C C C C C C C C C C C C C C C C 6 6 6 6 6 6 6 6 6 6 6 6 6 6 6 C C C C C C C C C C C C F F F F F F F F F C C C 7 4 0 4 4 4 6 0 0 0 0 0 6 0 0 8 2 2 2 2 7 F 0 0 0 0 0 0 4 4 4 4 4 4 4 4 4 4 4 4 0 0 0 0 0 0 @
0 0 0 0 0 0 0 0 0 0 0 0 0 0 0 0 0 0 0 0 0 0 0 0 F F F F F F F F F F 7 8 8 0 4 8 7 7 F F F F F F F F F F F F F F F F F F F F C C C C C C C C C C C C C C C C C C C C C C C C C 6 6 6 6 6 6 6 6 6 6 6 6 6 6 6 6 C C C C C C C C C C C C C F F F F F F F F F F F C F C 6 2 C 2 6 6 6 0 0 2 6 2 0 6 6 2 2 2 2 2 0 0 0 0 0 0 4 4 4 4 4 4 4 4 4 4 4 4 0 0 0 0 0 0 @
0 0 0 0 0 0 0 0 0 0 0 0 0 0 0 0 0 0 0 0 0 0 0 0 C F F F F F F F F F 7 4 8 0 0 0 4 8 F F F F F F F F F F F F F F F F F F F C C C C C C C C C C C C C C C C C C C C C C C C C 6 6 6 6 6 C C C 6 6 6 6 6 6 6 6 C C C C C C C C C C C C C F F F F F F F F F F F F C F C C C C C C F C 6 0 2 6 6 2 6 6 2 2 2 6 6 0 0 0 0 0 0 4 4 4 4 4 4 4 4 4 4 4 4 0 0 0 0 0 0 @
0 0 0 0 0 0 0 0 0 0 0 0 0 0 0 0 0 0 0 0 0 0 0 0 C F F F F F F F F 7 4 0 0 0 0 0 0 8 F F F F F F F F F F F F F F F F F F F C C C C C C C C C C C C C C C C C C C C C C C C C 6 6 6 C C C C C 6 6 6 6 6 6 6 6 C C C C 6 6 6 C C C C C F F F F F F F C C F F F F C C C 6 C C C F F F 7 6 6 6 2 2 2 2 2 2 6 2 2 0 0 0 0 0 0 4 4 4 4 4 4 4 4 4 4 4 4 0 0 0 0 0 0 @
0 0 0 0 0 0 0 0 0 0 0 0 0 0 0 0 0 0 0 0 0 0 0 0 7 F C 7 F F F F C 8 4 8 0 0 0 0 0 4 7 F F F F F F F F F F F F F F F F F F F F F C C C C C C C C C C C C C C C 6 C C C C C C 6 6 6 C C C C C C 6 6 6 6 6 6 C C C C C 6 6 6 6 6 6 C C F F F F F F F C C C F F C C C 6 6 C C C F F F F C 7 6 2 2 2 2 2 6 6 2 2 0 0 0 0 0 0 4 4 4 4 4 4 4 4 4 4 4 4 0 0 0 0 0 0 @
0 0 0 0 0 0 0 0 0 0 0 0 0 0 0 0 0 0 0 0 0 0 0 0 8 F C C F F F C 7 8 4 4 0 0 0 0 0 0 8 F F F F F F F F F F F F F F F F F F F F F F C C C C C C C C C C C C C 6 6 6 C C C C C 6 6 C C C C C C C C 6 6 6 6 C C C C 6 6 6 6 6 6 6 6 C F F F F F F F F F C C C C C 6 4 4 6 C C C F F F F F F 2 6 6 6 2 2 6 6 2 2 0 0 0 0 0 0 4 4 4 4 4 4 4 4 4 4 4 4 0 0 0 0 0 0 @
0 0 0 0 0 0 0 0 0 0 0 0 0 0 0 0 0 0 0 0 0 0 0 0 8 F C C C F C 7 7 8 4 4 0 0 0 0 0 0 8 F F F F F F F F F F F F F F F F F F F F F F C C C C C C C C C C C C 6 6 6 6 6 C C C C C C C C C C C C C C 6 6 6 6 C C C 6 6 6 6 6 6 6 6 C C C C F F F F F F F C C C C 6 4 4 6 C C C C F F F F F C C 6 6 6 6 6 6 6 2 6 0 0 0 0 0 0 4 4 4 4 4 4 4 4 4 4 4 4 0 0 0 0 0 0 @
0 0 0 0 0 0 0 0 0 0 0 0 0 0 0 0 0 0 0 0 0 0 0 0 4 C C C C F C 7 8 4 4 8 6 4 4 4 0 0 8 F F F F F F F F F F F F F F F F F F F F F F C C C C C C C C C C 6 6 6 6 6 6 6 6 6 C C C C C C C C C C C C 6 6 6 6 6 C C 6 6 6 6 6 6 6 6 6 6 6 C C F F F F F F C 6 C 6 6 4 4 6 C C 6 C F F F F F C 6 7 6 0 0 2 2 0 2 6 0 0 0 0 0 0 4 4 4 4 4 4 4 4 4 4 4 4 0 0 0 0 0 0 @
0 0 0 0 0 0 0 0 0 0 0 0 0 0 0 0 0 0 0 0 0 0 0 0 0 7 F C C C C 7 7 4 4 4 6 6 6 8 4 4 8 F F F F F F F F F F F F F F F F F F F F F C C C C C C C C C C 6 6 6 6 6 6 6 6 6 6 6 6 6 6 6 6 C C C C C 6 6 6 6 6 C C C 6 6 6 6 6 6 6 6 6 6 6 6 C F F F F F F C C 6 C 6 4 4 6 C 6 6 6 C F F F F F 8 8 7 0 0 2 0 0 2 6 0 0 0 0 0 0 4 4 4 4 4 4 4 4 4 4 4 4 0 0 0 0 0 0 @
0 0 0 0 0 0 0 0 0 0 0 0 0 0 0 0 0 0 0 0 0 0 0 0 0 8 C C C C 7 7 8 4 4 4 4 4 4 4 0 4 8 7 7 F F F F F F F F F F F C C F F F F F F C C C C C C 6 6 6 6 6 6 6 6 6 6 6 6 6 6 6 6 6 6 6 6 C C C C 6 6 6 6 6 6 C C 6 6 6 6 6 6 6 C 6 6 6 4 6 6 F F F F F F F C C 6 6 6 4 6 6 6 6 6 C C F F C C C 8 7 6 2 6 2 2 6 2 0 0 0 0 0 0 6 6 6 6 6 6 6 6 6 6 6 6 0 0 0 0 0 0 @
0 0 0 0 0 0 0 0 0 0 0 0 0 0 0 0 0 0 0 0 0 0 0 0 0 0 7 C C C 7 7 8 4 4 6 4 4 4 4 8 8 8 8 8 8 7 F F F F F F F F F 7 F F F C C C C C C C C C C 6 6 6 6 6 6 6 6 6 6 6 6 6 6 6 6 6 6 6 C C C C C 6 4 6 6 6 6 C 6 4 4 6 6 C 6 6 6 6 6 6 4 6 6 F F F F F F F F C 6 6 6 4 6 6 6 6 6 C C C C C C C C C 7 6 6 6 6 2 2 0 0 0 0 0 0 6 6 6 6 6 6 6 6 6 6 6 6 0 0 0 0 0 0 @
0 0 0 0 0 0 0 0 0 0 0 0 0 0 0 0 0 4 4 0 0 0 0 0 0 0 8 C C C 7 8 8 4 4 4 4 4 8 8 8 8 8 8 4 4 4 8 7 F F F F F F F F F F F C C C C C C C C C C 6 6 6 6 6 6 6 6 6 6 6 6 6 6 6 6 6 6 6 C C C C 6 4 4 4 6 6 6 6 6 4 6 6 6 6 8 8 C C 6 6 4 6 6 C F F F F F F F C 6 6 6 4 6 6 6 6 6 6 C C C C C C C F C 2 6 6 6 2 2 0 0 0 0 0 0 6 6 6 6 6 6 6 6 6 6 6 6 0 0 0 0 0 0 @
0 0 0 0 0 0 0 0 0 0 0 0 0 0 0 0 0 8 8 0 0 0 0 0 0 0 0 8 C C 7 8 8 4 4 8 8 8 8 8 8 8 8 4 4 4 4 4 0 8 7 F F F F 7 7 7 C C C C C C C C C C C C 6 6 6 6 6 6 6 6 6 6 6 6 6 6 6 6 6 6 6 C C C 6 6 4 4 4 4 6 6 6 6 4 6 6 6 8 8 7 C C C 6 6 6 6 C F F F F F F F F C 6 6 4 4 6 6 6 6 6 C C C C C C C F F 7 6 6 2 2 6 0 0 0 0 0 0 6 6 6 6 6 6 6 6 6 6 6 6 0 0 0 0 0 0 @
0 0 0 0 0 0 0 0 0 0 0 0 0 0 0 0 0 0 0 0 0 0 0 0 0 0 0 8 7 7 8 8 8 4 8 8 8 8 8 8 4 8 8 4 4 4 4 4 4 0 0 8 7 7 7 C C C C C C C C C C C C C C C 6 6 6 6 6 6 6 6 6 6 6 6 6 6 6 6 6 6 6 C 6 6 6 4 4 4 4 4 4 6 6 6 6 6 6 C 7 7 7 C C C 6 6 6 C C C C F F F F F F F C 4 4 6 6 4 4 6 6 C C C C F F 7 C F F 6 0 0 0 0 0 0 0 0 0 0 6 6 6 6 6 6 6 6 6 6 6 6 0 0 0 0 0 0 @
0 0 0 0 0 0 0 0 0 0 0 0 0 0 0 0 0 0 0 4 0 0 0 0 0 0 0 8 8 8 8 8 6 4 7 7 8 8 8 0 4 4 4 0 0 4 4 4 4 4 4 0 4 8 7 C C C C 6 C C C C C C C C C C 6 6 6 6 6 6 6 6 6 6 6 6 6 4 4 4 6 6 6 6 6 6 4 4 4 4 4 4 4 6 6 6 6 6 C 6 8 C C C F C C 6 6 C C C C C F F F F F F F 6 6 6 6 6 4 6 6 6 6 6 6 C C C 8 6 F C 6 0 0 0 0 0 0 0 0 0 6 6 6 6 6 6 6 6 6 6 6 6 0 0 0 0 0 0 @
0 0 0 0 0 0 0 0 0 0 0 0 0 0 0 0 0 0 0 6 0 0 0 0 0 0 0 6 8 6 6 6 6 8 8 8 4 0 0 0 0 0 4 4 0 4 4 4 4 4 4 4 0 0 4 7 7 C 6 6 6 6 6 6 6 6 6 C C 6 6 6 6 6 6 6 6 6 6 6 6 6 4 4 4 4 4 6 6 6 6 4 4 4 4 4 4 4 4 4 6 6 6 C C 6 8 C C C C C C C 6 C C C C C C F F F F F C C C 6 6 6 6 6 6 6 6 6 C C C C C 6 C C C 6 0 0 0 0 0 0 0 0 6 6 6 6 6 6 6 6 6 6 6 6 0 0 0 0 0 0 @
0 0 0 0 0 0 0 0 0 0 0 0 0 0 0 0 0 0 0 0 0 0 0 0 0 0 0 4 6 6 6 6 6 6 8 4 4 0 0 0 0 0 4 0 0 0 0 0 4 4 0 0 0 0 0 4 8 8 6 6 6 6 6 6 6 6 6 C C 6 6 6 6 6 6 6 6 6 6 6 6 6 4 4 4 4 4 4 4 4 6 6 6 4 4 4 4 4 4 6 8 6 C C C C C C C C C C C C C 6 C C C C C F F F F F C C C 6 6 6 6 6 6 6 6 6 C C F C 6 C C C C 6 0 0 0 0 0 0 0 0 6 6 6 6 6 6 6 6 6 6 6 6 0 0 0 0 0 0 @
0 0 0 0 0 0 0 0 0 0 0 0 0 0 0 0 0 0 0 0 0 0 0 0 0 0 0 8 C C C 6 6 6 6 6 6 4 4 4 0 0 4 0 0 0 0 0 0 0 0 0 0 0 0 0 4 4 6 6 6 6 6 6 6 6 6 6 C 6 6 6 6 4 6 6 6 6 6 4 6 6 4 4 4 4 4 4 4 4 6 6 6 4 4 4 4 4 4 8 8 8 C C C C C C C C C C C C C 6 6 C C C C C F F F F C C C C 6 6 4 4 6 C C C C C F C 6 C C C 6 C 6 0 0 0 0 0 0 0 6 6 6 6 6 6 6 6 6 6 6 6 0 0 0 0 0 0 @
0 0 0 0 0 2 2 2 0 0 0 0 0 0 0 0 0 0 0 0 0 4 4 0 0 0 8 C F C C 6 6 6 6 6 6 4 8 6 4 4 4 0 0 0 0 0 0 0 0 0 0 0 0 0 4 4 6 6 6 6 6 6 6 6 6 6 6 6 6 6 4 4 4 6 4 4 4 4 6 6 4 4 4 4 4 4 4 4 6 6 6 6 4 4 4 4 4 6 6 6 C C C C 6 6 C C C C C C C 6 6 6 C C C C C C F C C C C 6 6 4 4 4 6 C C C C 6 C C C 6 C C 6 6 C 4 0 0 0 0 0 0 6 6 6 6 6 6 6 6 6 6 6 6 0 0 0 0 0 0 @
2 6 8 2 2 2 2 2 8 6 0 0 0 0 0 0 0 0 0 0 0 4 4 4 4 7 C C C C C 6 6 6 6 4 4 4 4 4 4 4 4 4 0 0 0 0 0 0 0 0 0 0 0 4 4 6 6 6 6 6 6 6 6 6 6 6 6 6 6 6 4 4 4 4 4 4 4 4 6 6 4 4 4 4 4 4 4 4 6 6 6 4 4 4 4 4 6 6 6 C C C C C 6 6 6 6 6 C C C C 6 6 6 6 6 6 C C C C C C 6 6 6 6 4 4 4 6 7 6 6 6 6 6 C C 6 6 C 6 6 C 6 0 0 0 0 0 0 6 6 6 6 6 6 6 6 6 6 6 6 0 0 0 0 0 0 @
7 7 7 7 7 7 2 2 2 2 6 0 0 0 0 0 0 0 0 0 0 0 4 8 C F C C C C C 6 6 6 6 4 4 4 4 4 4 4 4 4 4 4 4 4 4 4 4 4 4 4 4 4 4 6 6 6 6 4 6 6 6 6 6 6 6 6 6 4 4 4 4 4 4 4 4 4 6 6 6 4 4 4 4 4 4 4 6 6 6 4 4 4 4 6 6 6 6 6 C C C C 6 6 6 6 6 6 6 6 6 6 6 6 6 6 6 6 C C C C C 6 6 6 6 4 4 4 6 6 6 C C 6 6 C C C C C 6 6 C C 0 0 0 0 0 0 6 6 6 6 6 6 6 6 6 6 6 6 0 0 0 0 0 0 @
F F F F F 7 2 2 7 F 2 0 0 0 0 0 0 0 0 0 0 0 6 C F F F C C C C 6 6 C 6 6 4 4 4 4 6 6 6 6 4 4 4 4 4 4 4 4 4 4 4 4 6 6 6 6 4 4 6 6 6 6 6 6 6 6 6 6 4 4 4 4 6 4 4 4 4 6 4 4 4 4 4 4 4 6 6 6 4 4 4 4 4 6 6 6 6 6 6 C C C 6 6 6 6 6 6 6 6 6 6 4 6 6 6 6 6 6 C C C C 6 6 6 6 4 4 4 4 6 6 6 C C C C C C C C 6 6 C C 0 0 0 0 0 0 4 4 4 4 4 4 4 4 4 4 4 4 0 0 0 0 0 0 @
F F F F F 2 2 2 7 7 7 6 0 0 0 0 0 0 0 0 0 8 C F F F F C C C C 6 6 6 6 6 6 6 6 4 6 6 6 6 8 4 4 4 4 4 4 4 4 4 4 4 6 6 6 6 4 4 6 6 6 6 6 6 6 6 6 6 4 4 4 6 6 6 4 4 4 4 4 4 6 4 4 4 4 6 6 6 4 4 4 4 4 6 6 6 6 6 4 6 6 6 6 6 6 6 6 6 6 6 6 6 4 6 6 6 6 6 6 6 6 C C 6 6 6 4 4 4 4 4 6 6 6 6 6 6 C C C C C 6 6 C C 0 0 0 0 0 0 4 4 4 4 4 4 4 4 4 4 4 4 0 0 0 0 0 0 @
7 7 7 2 2 2 2 2 7 7 2 2 0 0 0 0 0 0 0 4 7 F F F F F C C C C C 6 6 6 6 6 6 6 6 4 6 6 6 6 4 4 4 4 4 4 4 4 4 4 4 4 6 6 6 6 4 4 6 6 6 6 6 6 6 6 6 4 4 4 4 6 6 6 4 4 4 4 4 4 6 6 4 4 4 6 6 4 4 4 4 4 4 6 6 6 6 6 4 4 6 6 6 6 6 6 6 6 6 6 6 4 4 6 6 6 6 6 6 6 6 6 C 6 6 6 4 4 4 4 6 6 6 6 6 6 6 6 6 C C C 6 6 C C 0 0 0 0 0 0 4 4 4 4 4 4 4 4 4 4 4 4 0 0 0 0 0 0 @
2 2 2 2 2 2 2 7 7 7 6 0 0 0 0 0 0 0 0 C F F F F F C C F F C 6 6 6 6 4 6 6 6 6 6 6 6 6 6 6 4 4 4 4 4 4 4 4 4 4 4 6 6 6 4 4 4 4 4 6 6 6 6 6 6 6 4 4 4 4 4 6 6 4 4 4 4 4 4 6 6 6 4 4 6 6 4 4 4 4 4 4 6 6 6 6 6 6 4 4 6 6 4 4 6 6 6 6 6 4 4 4 6 6 6 6 6 6 6 6 6 6 C 6 6 6 4 4 4 6 6 6 6 4 6 C 6 6 6 C C 6 6 C C 0 0 0 0 0 0 4 4 4 4 4 4 4 4 4 4 4 4 0 0 0 0 0 0 @
2 2 2 2 2 2 2 2 8 2 0 0 0 0 0 0 0 0 8 F F C C 6 6 C C F C 6 6 6 6 6 4 4 6 6 6 6 6 6 6 6 6 6 4 4 4 4 4 4 4 4 4 4 4 4 4 4 0 0 4 4 6 6 6 6 6 6 4 4 4 4 4 4 6 4 4 4 4 4 4 4 6 6 6 4 4 6 4 4 4 4 4 4 6 6 6 6 6 6 6 4 4 4 4 4 4 4 4 4 4 4 4 4 4 6 6 6 6 6 6 6 6 6 6 6 C 6 6 4 4 4 4 6 6 6 6 6 C C 6 6 C C 6 6 6 C 0 0 0 0 0 0 4 4 4 4 4 4 4 4 4 4 4 4 0 0 0 0 0 0 @
2 2 2 2 2 2 0 0 0 0 0 0 0 0 0 0 0 4 F F F F C C C C F C C 6 6 6 6 6 6 4 4 6 6 6 6 6 4 4 6 6 6 4 4 4 4 4 4 4 4 4 4 4 4 4 0 0 4 4 4 4 4 4 4 4 4 4 4 4 4 6 6 4 4 4 4 4 4 4 4 6 6 4 4 4 4 4 4 4 4 4 4 4 6 6 6 6 6 4 4 4 4 4 4 4 4 4 4 4 4 4 4 4 6 6 6 6 6 6 6 6 6 6 6 C 6 6 4 4 4 6 6 6 6 6 6 6 6 6 C C 6 6 4 7 0 0 0 0 0 0 4 4 4 4 4 4 4 4 4 4 4 4 0 0 0 0 0 0 @
2 2 2 2 2 2 0 0 0 0 0 0 0 0 0 0 0 7 F F F C C C C F C C 6 6 6 4 6 6 6 4 4 4 4 6 6 6 4 4 4 6 6 6 4 4 4 4 4 4 4 4 4 4 4 4 4 4 4 4 4 4 4 4 4 4 4 4 4 4 4 4 4 4 4 4 4 4 4 4 4 4 6 4 4 4 4 4 4 4 4 4 4 4 4 6 6 6 4 4 4 4 4 4 4 4 4 4 4 4 4 4 4 4 6 6 6 6 6 6 6 6 6 6 6 6 6 6 6 4 4 6 6 6 6 6 6 4 6 6 6 C 8 8 0 0 0 0 0 0 0 0 4 4 4 4 4 4 4 4 4 4 4 4 0 0 0 0 0 0 @
2 2 2 2 7 6 0 0 0 0 0 0 0 0 0 0 6 C C C 8 8 C C C F C C 6 6 6 4 4 6 6 4 4 4 4 8 6 6 6 4 4 4 4 4 4 4 4 4 4 4 4 4 4 4 4 4 4 4 0 4 4 4 4 4 4 4 6 4 4 4 4 4 4 4 4 4 4 4 4 4 4 4 4 4 4 4 4 4 4 4 4 4 4 4 4 4 4 4 4 4 4 4 4 4 4 4 4 4 4 4 4 4 4 4 6 6 6 6 6 6 6 6 6 6 6 6 6 6 6 6 4 4 6 6 6 6 6 6 6 6 6 6 8 7 6 0 0 0 0 0 0 0 4 4 4 4 4 4 4 4 4 4 4 4 0 0 0 0 0 0 @
2 2 7 7 7 8 0 0 0 0 0 0 0 0 0 0 C C 6 4 4 6 C 8 C C 6 6 6 6 4 4 4 6 6 6 4 4 4 4 8 6 6 8 4 4 4 4 4 4 4 4 4 4 4 4 4 4 4 4 4 4 0 0 4 6 4 4 4 4 6 4 4 4 4 4 4 4 4 4 4 4 4 4 4 4 4 4 4 4 4 4 4 4 4 4 4 4 4 4 4 4 4 4 4 4 4 4 4 4 4 4 4 4 4 4 6 6 6 6 6 6 6 6 6 6 6 6 6 6 6 6 6 6 4 4 4 4 4 6 6 6 6 6 6 6 C C 7 0 0 0 0 0 0 0 4 4 4 4 4 4 4 4 4 4 4 4 0 0 0 0 0 0 @
6 6 6 6 6 2 0 0 0 0 0 0 0 0 0 4 C 6 4 6 6 6 4 4 C 6 6 6 6 6 4 4 6 6 6 6 6 4 4 4 4 8 6 8 4 4 4 4 4 4 4 4 4 4 4 4 4 4 4 4 4 4 0 4 4 4 4 4 4 4 4 4 4 4 4 4 4 4 4 4 4 4 4 4 4 4 4 4 4 4 4 4 4 4 4 4 4 4 4 4 4 4 4 4 4 4 4 4 4 4 4 6 4 4 4 6 6 6 6 6 6 6 6 6 6 6 6 6 6 6 6 6 6 6 6 4 4 4 4 6 6 6 6 6 6 C C C 7 0 0 0 0 0 0 0 4 4 4 4 4 4 4 4 4 4 4 4 0 0 0 0 0 0 @
0 0 0 0 0 0 0 0 0 0 0 0 0 0 0 8 6 6 C C 6 4 4 6 6 6 4 4 6 6 6 4 4 6 C 6 6 4 4 4 4 4 4 4 4 4 4 4 4 4 4 4 4 4 4 4 4 4 4 4 4 4 4 4 4 4 4 4 4 4 4 4 4 4 4 4 4 4 4 4 4 4 4 4 4 4 4 4 4 4 4 4 4 4 4 4 4 4 4 4 4 4 4 4 4 4 4 4 6 6 6 6 6 4 4 6 6 6 6 6 6 6 6 6 6 6 6 6 6 6 6 4 4 6 6 4 4 8 8 6 6 6 6 6 6 C 6 C F 6 0 0 0 0 0 0 4 4 4 4 4 4 4 4 4 4 4 4 0 0 0 0 0 0 @
0 0 0 0 0 6 2 0 0 0 0 0 0 0 4 6 C C F C 6 4 6 6 6 6 4 4 4 4 6 4 4 6 6 6 6 6 4 4 4 4 0 0 0 0 4 4 4 4 4 4 4 4 4 4 4 4 4 4 4 4 4 4 4 4 4 4 4 4 4 4 4 4 4 4 4 4 4 4 4 4 4 4 4 4 4 4 4 4 4 4 4 4 4 4 4 4 4 4 4 4 4 4 4 6 6 6 6 6 6 6 6 6 4 6 6 6 6 6 6 6 6 6 6 6 6 6 6 6 6 4 4 6 6 6 4 6 6 6 C 6 4 6 6 C C 7 F 6 0 0 0 0 0 0 4 4 4 4 4 4 4 4 4 4 4 4 0 0 0 0 0 0 @
0 0 2 8 8 2 8 2 2 0 0 0 0 0 8 C F F C C 4 4 6 6 6 6 6 4 4 4 4 4 4 4 4 4 6 6 4 4 4 4 0 0 0 0 4 4 4 4 4 4 4 4 4 4 4 4 4 4 4 4 4 4 4 4 4 4 4 4 4 4 4 4 4 4 4 4 4 4 4 4 4 4 4 4 4 4 4 4 4 4 4 4 4 4 4 4 4 4 4 4 4 4 4 6 6 6 6 6 6 6 6 6 4 6 6 6 6 6 6 6 6 6 6 6 6 6 6 6 6 6 4 4 6 6 4 4 6 6 C 8 4 6 6 C C 7 F 6 0 0 0 0 0 0 8 8 8 8 8 8 8 8 8 8 8 8 0 0 0 0 0 0 @
2 7 7 7 F F 7 2 2 2 0 0 0 6 C C F C C 4 4 4 6 C 6 6 6 6 6 6 4 4 4 4 4 4 4 6 4 4 6 4 0 4 4 4 0 4 4 4 4 4 4 4 4 4 4 4 4 4 4 4 4 4 4 4 4 4 4 4 4 4 4 4 4 4 4 4 4 4 4 4 4 4 4 4 4 4 4 4 4 4 4 4 4 4 4 4 4 4 4 4 4 4 4 4 4 6 6 6 6 6 6 6 4 4 6 6 6 6 6 6 6 6 6 6 6 6 6 6 6 6 6 4 6 4 4 4 4 4 6 8 4 6 C C C 7 F 8 0 0 0 0 0 0 8 8 8 8 8 8 8 8 8 8 8 8 0 0 0 0 0 0 @
F F F F F F F F 7 2 6 0 4 C C C C C 4 4 4 6 6 C C 6 6 C C 6 6 6 6 6 6 4 4 4 4 4 4 4 4 4 4 4 0 4 4 4 4 4 4 4 4 4 4 4 4 4 4 4 4 4 4 4 4 4 4 4 4 4 4 4 4 4 4 4 4 4 4 4 4 4 4 4 4 4 4 4 4 4 4 4 4 4 4 4 4 4 4 4 4 4 4 4 4 4 6 6 6 6 6 6 4 4 6 6 6 6 6 6 6 6 6 6 6 6 6 6 6 6 6 6 6 4 4 4 4 4 6 7 8 8 7 C 7 7 F 8 0 0 0 0 0 0 8 8 8 8 8 8 8 8 8 8 8 8 0 0 0 0 0 0 @
2 2 2 2 7 F F F F 7 8 0 6 C C C C 4 4 4 6 6 C 6 6 6 6 6 C 6 6 6 6 6 6 4 4 4 4 4 4 4 4 4 4 4 4 4 4 4 4 4 4 4 4 4 4 4 4 4 4 4 4 4 4 4 4 4 4 4 4 4 4 4 4 4 4 4 4 4 4 4 4 4 4 4 4 4 4 4 4 4 4 4 4 4 4 4 6 4 4 4 4 4 4 4 4 4 6 6 6 6 6 6 4 4 6 6 6 6 6 6 6 6 6 4 4 6 6 4 6 6 6 6 4 6 4 4 4 4 8 8 8 7 8 8 8 7 7 8 0 0 0 0 0 0 8 8 8 8 8 8 8 8 8 8 8 8 0 0 0 0 0 0 @
2 2 2 2 2 2 2 2 2 2 6 2 7 C C 6 4 4 4 4 6 6 6 6 6 6 6 6 6 6 6 6 6 6 6 4 4 4 4 4 4 4 4 4 4 4 4 4 4 4 4 4 4 4 4 4 4 4 4 4 4 4 4 4 4 4 4 4 4 4 4 4 4 4 4 4 4 4 4 4 4 4 4 4 4 4 4 4 4 4 4 4 4 4 4 4 4 4 4 4 4 4 4 4 4 4 4 4 6 6 6 6 6 4 4 4 6 6 6 6 6 6 6 6 6 4 4 4 4 4 6 6 6 6 6 6 4 4 4 4 4 2 8 7 7 8 8 8 7 8 0 0 0 0 0 0 8 8 8 8 8 8 8 8 8 8 8 8 0 0 0 0 0 0 @
2 2 2 2 2 2 2 2 2 2 2 2 6 6 6 6 4 4 4 6 6 6 6 6 6 6 6 6 6 C 6 6 6 4 4 4 4 4 4 4 4 4 4 4 4 4 4 4 4 4 4 4 4 4 4 4 4 4 4 4 4 4 4 4 4 4 4 4 4 4 4 4 4 4 4 4 4 4 4 4 4 4 4 4 4 4 4 4 4 4 4 4 4 4 4 4 4 4 4 4 4 4 6 6 6 4 4 4 4 6 6 6 6 4 4 4 4 6 6 6 6 6 6 6 6 6 4 4 4 4 4 6 6 6 6 6 4 4 4 6 4 2 8 7 7 7 8 8 7 8 0 0 0 0 0 0 8 8 8 8 8 8 8 8 8 8 8 8 0 0 0 0 0 0 @
6 2 6 2 6 2 6 6 6 2 2 2 6 6 6 6 4 4 6 6 6 6 6 6 6 6 6 4 6 C 6 6 6 4 4 4 4 4 4 6 4 4 4 4 4 4 4 4 4 4 4 4 4 4 4 4 4 4 4 4 4 4 4 4 4 4 4 4 4 4 4 4 4 4 4 4 4 4 4 4 4 4 4 4 4 4 4 4 4 4 4 4 4 4 4 4 4 4 4 4 4 4 4 6 6 4 4 4 4 6 6 4 4 4 4 4 4 4 6 6 6 6 6 6 6 6 4 4 4 4 4 6 6 6 6 6 4 4 4 4 4 0 8 7 7 7 8 7 7 0 0 0 0 0 0 0 8 8 8 8 8 8 8 8 8 8 8 8 0 0 0 0 0 0 @
2 2 6 2 0 0 0 0 0 2 2 6 6 6 6 6 4 6 6 6 6 6 6 6 6 6 6 6 6 6 6 6 6 4 4 4 4 4 4 6 6 6 4 4 4 4 4 4 4 4 4 4 4 4 4 4 4 4 4 4 4 4 4 4 4 4 4 4 4 4 4 4 4 4 4 4 4 4 4 4 4 4 4 4 4 4 4 4 4 4 4 4 4 4 4 4 4 4 4 4 4 4 4 4 4 4 4 4 4 4 4 4 4 4 4 4 4 4 6 6 6 6 6 6 6 6 6 4 4 4 4 6 6 6 6 4 4 4 4 4 4 4 8 7 7 7 8 7 7 0 0 0 0 0 0 0 8 8 8 8 8 8 8 8 8 8 8 8 0 0 0 0 0 0 @
F F 7 6 0 0 0 0 0 0 2 6 6 6 6 6 6 6 6 6 6 6 6 6 6 6 6 6 4 6 6 6 4 6 4 4 4 4 4 6 6 6 4 4 4 4 4 4 4 4 4 4 4 4 4 4 4 4 4 4 4 4 4 4 4 4 4 4 4 4 4 4 4 4 4 4 4 4 4 4 4 4 4 4 4 4 4 4 4 4 4 4 4 4 4 4 4 4 4 4 4 4 4 4 4 4 4 4 4 4 6 4 4 4 4 4 4 4 6 6 6 6 6 6 6 6 6 4 4 4 4 4 6 4 4 4 4 4 4 4 4 4 8 7 7 7 8 8 7 8 0 0 0 0 0 0 8 8 8 8 8 8 8 8 8 8 8 8 0 0 0 0 0 0 @
7 F 7 8 0 0 0 0 0 0 0 4 6 C 6 6 6 6 C C C C 6 6 6 6 6 4 4 6 6 6 4 6 6 4 4 4 4 4 6 6 6 4 4 4 4 4 4 4 4 4 4 4 4 4 4 4 4 4 4 4 4 4 0 4 4 4 4 4 4 4 4 4 4 4 4 4 4 4 4 4 4 4 4 4 4 4 4 4 4 4 4 4 4 4 4 4 4 4 4 4 4 4 4 4 4 4 4 6 6 6 4 4 4 4 4 6 6 6 6 6 6 6 6 6 6 4 4 4 4 4 4 4 4 4 4 4 4 4 4 4 8 7 7 7 8 8 7 8 0 0 0 0 0 0 8 8 8 8 8 8 8 8 8 8 8 8 0 0 0 0 0 0 @
2 2 2 2 8 6 0 0 0 0 0 4 8 C 6 6 6 6 C 6 C C 4 4 4 4 4 4 4 4 4 4 4 6 6 4 4 4 4 4 4 4 4 4 4 4 4 4 4 4 4 4 4 4 4 4 4 4 4 4 4 0 4 4 0 4 4 4 4 4 4 4 4 4 4 4 4 4 4 4 4 4 4 4 4 4 4 4 4 4 4 4 4 4 4 4 4 4 4 4 4 4 4 4 4 4 4 4 4 6 6 6 4 4 4 4 4 4 6 6 6 6 6 6 6 6 4 4 4 4 4 4 4 4 4 4 4 4 4 4 4 4 8 7 7 7 8 8 7 8 0 0 0 0 0 0 8 8 8 8 8 8 8 8 8 8 8 8 0 0 0 0 0 0 @
2 2 2 7 F 7 2 2 0 0 0 4 C 6 8 6 6 6 C 6 C 6 4 4 4 4 4 4 4 4 4 4 6 6 6 4 4 4 4 4 4 4 4 4 4 4 4 4 4 4 4 4 4 4 4 4 4 4 4 4 0 0 0 0 0 4 4 4 4 4 4 4 4 4 4 4 4 4 4 4 4 4 4 4 4 4 4 4 4 4 4 4 4 4 4 4 4 4 4 4 4 4 4 4 4 4 4 4 4 6 6 6 6 4 4 4 4 4 6 6 6 6 6 6 6 6 4 4 4 4 4 4 4 4 4 4 4 4 4 4 4 4 8 7 7 7 8 8 7 2 0 0 0 0 0 0 8 8 8 8 8 8 8 8 8 8 8 8 0 0 0 0 0 0 @
2 2 7 F F F F 8 0 0 0 6 C 8 8 8 C 6 6 6 6 6 4 4 4 4 4 4 4 4 4 4 6 4 6 6 4 4 4 4 4 4 4 4 4 4 4 4 4 4 4 4 4 4 0 4 4 4 4 4 0 0 0 0 4 4 4 4 4 4 4 4 4 4 4 4 4 4 4 4 4 4 4 4 4 4 4 4 4 4 4 4 4 4 4 4 4 4 4 4 4 4 4 4 4 4 4 4 4 4 6 6 6 4 4 4 4 4 6 6 6 6 6 6 6 6 4 4 4 4 4 4 4 4 4 4 4 4 4 4 4 4 8 7 7 7 8 8 7 2 0 0 0 0 0 0 8 8 8 8 8 8 8 8 8 8 8 8 0 0 0 0 0 0 @
2 7 F F F F F 2 0 0 0 7 C 8 7 7 7 6 6 6 6 6 4 4 6 4 4 4 4 4 4 4 6 6 6 6 6 4 4 4 4 4 4 4 4 4 4 4 4 4 4 4 4 4 0 0 4 4 4 0 0 0 0 0 4 4 4 4 4 4 4 4 4 4 4 4 4 4 4 4 4 4 4 4 4 4 4 4 4 4 4 4 4 4 4 4 4 4 4 4 4 4 4 4 4 4 4 4 4 4 4 6 6 4 4 4 4 4 4 6 6 6 6 6 6 6 4 4 4 4 4 4 4 4 4 4 4 4 4 4 4 4 8 7 7 7 8 8 7 2 0 0 0 0 0 0 8 8 8 8 8 8 8 8 8 8 8 8 0 0 0 0 0 0 @
2 2 2 7 7 F 7 6 0 0 0 7 C 7 7 7 7 8 4 4 4 4 4 4 4 4 4 4 4 4 6 4 4 6 6 6 6 4 4 4 4 4 4 4 4 4 4 4 4 4 4 4 4 4 4 0 4 4 4 0 0 0 0 0 4 4 4 4 4 4 4 4 4 4 4 4 4 4 4 4 4 4 4 4 4 4 4 4 4 4 4 4 4 4 4 4 4 4 4 4 4 4 4 4 4 4 4 4 4 4 4 4 4 4 4 4 4 4 4 6 6 6 6 6 6 6 4 4 4 4 4 4 4 4 4 4 4 4 4 4 4 4 4 8 7 7 8 8 7 2 0 0 0 0 0 0 8 8 8 8 8 8 8 8 8 8 8 8 0 0 0 0 0 0 @
2 2 2 2 2 7 8 0 0 0 0 7 7 7 7 7 8 8 4 0 0 0 4 6 4 4 4 4 4 6 6 6 4 4 4 4 6 4 4 4 4 4 4 4 4 4 4 4 4 4 4 4 4 4 4 4 4 4 0 0 0 0 0 4 4 4 4 4 4 4 4 4 4 4 4 4 4 4 4 4 4 4 4 4 4 4 4 4 4 4 4 4 4 4 4 4 4 4 4 4 4 4 4 4 4 4 4 4 4 4 4 4 4 4 4 4 4 4 4 4 6 6 6 6 6 6 4 4 4 4 6 6 6 4 4 4 4 4 4 4 4 4 4 8 7 7 8 8 7 2 0 0 0 0 0 0 8 8 8 8 8 8 8 8 8 8 8 8 0 0 0 0 0 0 @
2 2 2 2 2 2 0 0 0 0 0 8 2 7 7 7 8 8 0 4 4 4 4 4 4 4 4 6 6 6 6 6 4 4 4 4 6 6 4 4 4 4 4 4 4 4 4 4 4 4 4 4 4 4 4 4 0 0 0 0 0 0 0 4 4 4 4 4 4 4 4 4 4 4 4 4 4 4 4 4 4 4 4 4 4 4 4 4 4 4 4 4 4 4 4 4 4 4 4 4 4 4 4 4 4 4 4 4 4 4 4 4 4 4 4 4 4 4 4 4 4 4 6 6 6 6 4 4 4 6 6 6 6 6 6 4 4 4 4 4 4 4 4 8 7 7 8 8 7 2 0 0 0 0 0 0 8 8 8 8 8 8 8 8 8 8 8 8 0 0 0 0 0 0 @
2 2 2 2 2 0 0 0 0 0 0 0 8 7 7 7 7 8 4 4 8 8 4 4 4 4 4 6 6 6 6 6 6 4 4 6 6 6 6 4 4 4 4 4 4 4 4 4 4 4 4 4 4 4 4 4 4 4 4 0 4 4 4 4 4 4 4 4 4 4 4 4 4 4 4 4 4 4 4 4 4 4 4 4 4 4 4 4 4 4 4 4 4 4 4 4 4 4 4 4 4 4 4 4 4 4 4 4 4 4 4 4 4 4 4 4 4 4 4 4 4 4 4 4 4 6 4 4 4 6 6 6 6 6 6 4 4 4 4 6 4 4 4 8 7 7 8 8 8 2 0 0 0 0 0 0 8 8 8 8 8 8 8 8 8 8 8 8 0 0 0 0 0 0 @
2 2 2 2 6 2 2 6 6 2 0 0 7 F 7 7 8 8 4 8 6 6 6 4 4 4 4 6 6 6 6 6 6 4 6 6 6 6 6 6 4 4 4 4 4 4 4 4 4 4 4 4 4 4 4 4 4 4 4 4 4 4 4 4 4 4 6 4 4 4 4 4 4 4 4 4 4 4 4 4 4 4 4 4 4 4 4 4 4 4 4 4 4 4 4 4 4 4 4 4 4 4 4 4 4 4 4 4 4 4 4 4 4 4 4 4 4 4 4 4 4 4 4 4 4 4 4 4 4 4 6 6 6 6 4 4 4 4 4 4 4 4 4 8 7 7 8 8 8 2 0 0 0 0 0 0 8 8 8 8 8 8 8 8 8 8 8 8 0 0 0 0 0 0 @
2 6 2 2 2 2 6 2 7 2 0 0 7 7 7 7 8 4 8 8 C 6 6 6 4 4 4 6 6 6 C 6 6 6 6 6 6 6 6 6 6 4 4 4 4 4 4 4 4 4 4 4 4 4 4 4 4 4 4 4 4 4 4 4 4 4 4 4 4 4 4 4 4 4 4 4 4 4 4 4 4 4 4 4 4 4 4 4 4 4 4 4 4 4 4 4 4 4 4 4 4 4 4 4 4 4 4 4 4 4 4 4 4 4 6 4 4 4 4 4 4 4 4 4 4 4 4 4 4 4 6 6 6 6 6 6 6 4 4 4 4 4 4 8 7 7 8 8 8 8 0 0 0 0 0 0 8 8 8 8 8 8 8 8 8 8 8 8 0 0 0 0 0 0 @
0 0 2 2 6 6 2 7 F 7 2 8 F 7 7 7 8 4 8 8 6 6 6 4 4 4 4 6 6 6 6 6 6 6 6 6 6 6 4 6 6 6 6 4 4 4 4 4 4 4 4 4 4 4 4 4 4 4 4 4 4 4 4 4 4 4 4 4 4 4 4 4 4 4 4 4 4 4 4 4 4 4 4 4 4 4 4 4 4 4 4 4 4 4 4 4 4 4 4 4 4 4 4 4 4 4 4 4 4 4 4 4 4 4 4 6 4 4 4 4 4 4 4 4 4 4 4 4 4 4 6 6 6 6 6 6 6 4 4 4 4 4 4 8 7 7 8 8 8 8 0 0 0 0 0 0 8 8 8 8 8 8 8 8 8 8 8 8 0 0 0 0 0 0 @
0 0 0 2 2 6 2 7 F 7 8 7 F 7 7 8 0 8 8 8 6 6 6 4 4 4 4 4 4 6 6 6 6 4 6 6 6 6 6 6 6 6 6 4 0 4 4 4 4 4 4 4 4 4 4 4 4 4 4 4 4 4 4 4 4 4 4 4 4 4 4 4 4 4 4 4 4 4 4 4 4 4 4 4 4 4 4 4 4 4 4 4 4 4 4 4 4 4 4 4 4 4 4 4 4 4 4 4 4 4 4 4 4 4 4 4 4 4 4 4 4 4 4 4 4 4 4 4 4 4 4 6 6 6 6 6 6 4 4 4 4 4 4 8 7 8 8 8 8 8 0 0 0 0 0 0 8 8 8 8 8 8 8 8 8 8 8 8 0 0 0 0 0 0 @
2 2 2 2 2 2 2 7 7 F 7 7 7 7 7 8 4 8 8 8 6 6 6 6 4 4 4 4 4 4 6 6 6 4 4 6 6 6 6 4 4 4 4 4 0 4 4 4 4 4 4 4 4 4 4 4 4 4 4 4 4 4 4 4 4 4 4 4 4 4 4 4 4 4 4 4 4 4 4 4 4 4 4 4 4 4 4 4 4 4 4 4 4 4 4 4 4 4 4 4 4 4 4 4 4 4 4 4 4 4 4 4 4 4 4 4 4 4 4 4 4 4 4 4 4 4 4 4 4 4 4 4 6 6 6 6 6 4 4 4 4 4 4 8 8 8 8 8 8 0 0 0 0 0 0 0 8 8 8 8 8 8 8 8 8 8 8 8 0 0 0 0 0 0 @
2 2 2 2 2 2 2 2 7 F F F 7 7 7 8 4 6 6 6 6 6 6 4 6 6 4 4 4 4 4 6 6 6 4 4 6 6 4 4 4 4 4 0 0 4 4 4 4 4 4 4 4 4 4 4 4 4 4 4 4 4 4 4 4 4 4 4 4 4 4 4 4 4 4 4 4 4 4 4 4 4 4 4 4 4 4 4 4 4 4 4 4 4 4 4 4 4 4 4 4 4 4 4 4 4 4 4 4 4 4 4 4 4 4 4 4 4 4 4 4 4 4 4 4 4 4 4 4 4 4 6 6 6 6 6 6 4 4 4 4 4 4 8 8 8 8 8 8 0 0 0 0 0 0 0 8 8 8 8 8 8 8 8 8 8 8 8 0 0 0 0 0 0 @
2 2 2 2 2 2 6 2 7 F F F 7 7 8 8 8 8 6 6 6 6 4 4 6 6 6 4 4 4 4 6 6 6 4 4 4 4 4 4 4 4 4 0 0 0 4 4 4 4 4 4 4 4 4 4 4 4 4 4 4 4 4 4 4 4 4 4 4 4 4 6 4 4 4 4 4 4 4 4 4 4 4 4 4 4 4 4 4 4 4 4 4 4 4 4 4 4 4 4 4 4 4 4 4 4 4 4 4 4 4 4 4 4 4 4 4 4 4 4 4 4 4 4 4 4 4 4 4 4 6 6 6 6 6 6 6 6 4 4 4 4 4 8 8 8 8 8 8 0 0 0 0 0 0 0 6 6 6 6 6 6 6 6 6 6 6 6 0 0 0 0 0 0 @
2 2 2 2 2 2 2 2 7 F F 7 7 7 8 4 8 6 6 6 6 4 4 4 6 6 6 6 6 4 4 6 6 6 6 4 4 4 0 4 4 4 0 0 0 0 4 4 4 4 4 4 4 4 4 4 4 4 4 4 4 4 4 4 4 4 4 4 4 4 6 6 4 4 4 4 4 4 4 4 4 4 4 4 4 4 4 4 4 4 4 4 4 4 4 4 4 4 4 4 4 4 4 4 4 4 4 4 4 4 4 4 4 4 4 4 4 4 4 4 4 4 4 4 4 4 4 4 4 4 4 6 6 6 6 6 6 6 4 4 4 4 4 8 7 8 8 8 2 2 0 0 0 0 0 0 6 6 6 6 6 6 6 6 6 6 6 6 0 0 0 0 0 0 @
2 2 2 2 2 2 2 2 2 F F 7 7 7 8 4 6 6 6 6 6 4 4 6 4 6 6 6 4 4 4 6 6 6 6 6 4 4 4 0 4 4 0 0 0 0 0 4 4 4 4 4 4 4 4 4 4 4 4 4 4 4 4 4 4 4 4 4 4 4 4 4 4 4 4 4 4 4 4 4 4 4 4 4 4 4 4 4 4 4 4 4 4 4 4 4 4 4 4 4 4 4 4 4 4 4 4 4 4 4 4 4 4 4 4 4 4 4 4 4 4 4 4 4 4 4 4 4 4 4 4 6 6 6 6 6 6 6 4 6 4 4 4 8 7 8 8 8 2 2 0 0 0 0 0 0 6 6 6 6 6 6 6 6 6 6 6 6 0 0 0 0 0 0 @
2 2 2 2 2 2 2 2 8 7 F 7 7 8 4 8 6 6 6 4 6 4 6 6 4 4 4 4 4 4 4 6 6 6 6 6 6 6 4 0 4 4 0 0 0 0 0 0 0 0 4 4 4 4 4 4 4 4 4 4 4 4 4 4 4 4 4 4 4 4 4 4 4 6 4 4 4 4 4 4 4 4 4 4 4 4 4 4 4 4 4 4 4 4 4 4 4 4 4 4 4 4 4 4 4 4 4 4 4 4 4 4 4 4 4 4 4 4 4 4 4 4 4 4 4 4 4 4 4 4 4 4 6 6 6 6 6 6 4 6 6 4 4 8 8 8 8 8 6 2 0 0 0 0 0 0 6 6 6 6 6 6 6 6 6 6 6 6 0 0 0 0 0 0 @
2 2 6 2 2 6 6 2 8 7 F 7 7 8 4 6 6 6 6 6 8 4 4 6 6 4 4 4 6 6 6 6 6 6 6 6 6 4 6 4 0 4 0 0 0 0 0 0 0 0 0 4 4 4 4 4 4 4 4 4 4 4 4 4 4 4 4 4 4 4 4 4 4 4 4 4 4 4 4 4 4 4 4 4 4 4 4 4 4 4 4 4 4 4 4 4 4 4 4 4 4 4 4 4 4 4 4 4 4 4 4 4 4 4 4 4 4 4 4 4 4 4 4 4 4 4 4 4 4 4 4 4 6 6 4 4 4 4 4 6 6 6 8 8 8 8 8 6 2 2 0 0 0 0 0 0 6 6 6 6 6 6 6 6 6 6 6 6 0 0 0 0 0 0 @
2 2 0 0 0 2 2 6 2 7 F 7 7 8 8 6 6 6 4 8 8 4 4 6 6 4 4 4 6 6 6 6 6 6 6 6 6 6 6 6 4 0 0 0 0 0 0 0 0 0 0 0 4 4 4 4 4 4 4 4 4 4 4 4 4 4 4 4 4 4 4 4 6 4 4 4 4 4 4 4 4 4 4 4 4 4 4 4 4 4 4 4 4 4 4 4 4 4 4 4 4 4 4 4 4 4 4 4 4 4 4 4 4 4 4 4 4 4 4 4 4 4 4 4 4 4 4 4 4 4 4 4 4 4 4 4 4 4 4 6 6 6 6 7 8 2 8 2 2 2 0 0 0 0 0 0 6 6 6 6 6 6 6 6 6 6 6 6 0 0 0 0 0 0 @
6 0 0 0 0 0 0 2 2 7 7 7 7 8 8 C 6 6 6 8 7 8 4 6 6 6 4 6 6 6 6 6 6 6 6 6 4 6 6 6 4 0 0 0 0 0 0 0 0 0 0 0 4 4 4 4 4 4 4 4 4 4 4 4 4 4 4 4 4 4 4 4 6 4 4 4 4 4 4 4 4 4 4 4 4 4 4 4 4 4 4 4 4 4 4 4 4 4 4 4 4 4 4 4 4 4 4 4 4 4 4 4 4 4 4 4 4 4 4 4 4 4 4 4 4 4 4 4 4 4 4 4 4 4 4 4 4 4 6 6 6 6 6 7 4 0 8 2 2 6 0 0 0 0 0 0 6 6 6 6 6 6 6 6 6 6 6 6 0 0 0 0 0 0 @
0 0 0 0 0 0 0 0 0 7 7 7 7 8 6 C 6 6 C 8 8 4 4 6 6 4 4 4 6 6 6 6 6 6 6 6 4 4 6 6 4 0 0 0 0 0 0 0 0 0 0 0 0 4 4 0 0 4 4 4 4 4 4 4 4 4 4 4 4 4 4 4 4 4 4 4 4 4 4 4 4 4 4 4 4 4 4 4 4 4 4 4 4 4 4 4 4 4 4 4 4 4 4 4 4 4 4 4 4 4 4 4 4 4 4 4 4 4 4 4 4 4 4 4 4 4 4 4 4 4 4 4 4 4 4 4 4 4 6 6 6 6 6 6 4 4 8 2 2 2 0 0 0 0 0 0 6 6 6 6 6 6 6 6 6 6 6 6 0 0 0 0 0 0 @
0 0 0 0 0 0 0 0 0 7 7 7 8 4 6 C C 6 C 6 4 4 4 6 6 4 4 4 6 6 6 6 6 6 6 6 4 6 6 6 6 4 0 0 0 0 0 0 0 0 0 0 0 0 0 0 0 4 4 4 4 4 4 4 4 4 4 4 4 4 4 4 4 4 4 4 4 4 4 4 4 4 4 4 4 4 4 4 4 4 4 4 4 4 4 4 4 4 4 4 4 4 4 4 4 4 4 4 4 4 4 4 4 4 4 4 4 4 4 4 4 4 4 4 4 4 4 4 4 4 4 4 4 4 4 4 4 4 4 4 6 6 6 6 8 6 6 6 2 2 0 0 0 0 0 0 6 6 6 6 6 6 6 6 6 6 6 6 0 0 0 0 0 0 @
0 0 0 0 0 0 0 0 0 7 7 7 8 4 8 6 6 6 6 4 4 4 6 6 6 6 4 4 4 6 6 6 6 6 6 6 6 4 6 6 6 4 0 0 0 0 0 0 0 0 0 0 0 0 0 0 0 4 4 4 4 4 4 4 4 4 4 4 4 4 4 4 4 4 4 4 4 4 4 4 4 4 4 4 4 4 4 4 4 4 4 4 4 4 4 4 4 4 4 4 4 4 4 4 4 4 4 4 4 4 4 4 4 4 4 4 4 4 4 4 4 4 4 4 4 4 4 4 4 4 4 4 4 4 4 4 4 4 4 4 6 6 6 6 8 6 6 2 2 6 0 0 0 0 0 0 6 6 6 6 6 6 6 6 6 6 6 6 0 0 0 0 0 0 @
0 0 0 0 0 0 0 0 0 7 7 7 8 4 4 6 6 6 6 6 4 6 6 6 6 6 4 4 4 4 6 6 6 6 6 6 6 6 6 6 6 4 0 0 0 0 0 0 0 0 0 0 0 0 0 0 0 4 4 4 4 4 4 4 4 4 4 4 4 4 4 4 4 4 4 4 4 4 4 4 4 4 4 4 4 4 4 4 4 4 4 4 4 4 4 4 4 4 4 4 4 4 4 4 4 4 4 4 4 4 4 4 4 4 4 4 4 4 4 4 4 4 4 4 4 4 4 4 4 4 4 4 4 4 4 4 4 4 4 4 4 6 6 6 6 6 2 6 2 2 0 0 0 0 0 0 6 6 6 6 6 6 6 6 6 6 6 6 0 0 0 0 0 0 @
6 6 6 6 0 0 0 0 0 7 7 8 8 8 6 6 6 6 6 6 4 4 C 6 6 6 4 4 6 4 4 6 6 8 6 6 6 6 4 6 6 6 4 0 0 0 0 0 0 0 0 0 0 0 0 0 4 4 4 4 4 4 4 4 4 4 4 4 4 4 4 4 4 4 4 4 4 4 4 4 4 4 4 4 4 4 4 4 4 4 4 4 4 4 4 4 4 4 4 4 4 4 4 4 4 4 4 4 4 4 4 4 4 4 4 4 4 4 4 4 4 4 4 4 4 4 4 4 4 4 4 4 4 4 4 4 4 6 4 4 4 6 6 6 6 6 6 2 2 7 0 0 0 0 0 0 6 6 6 6 6 6 6 6 6 6 6 6 0 0 0 0 0 0 @
2 2 2 6 2 0 0 0 0 7 7 8 7 6 6 C 6 6 6 6 4 4 6 C 6 6 6 6 6 4 4 6 8 8 8 6 7 6 6 6 6 6 4 0 0 0 0 0 0 0 0 0 0 0 0 0 4 4 4 4 4 4 4 4 4 4 4 4 4 4 4 4 4 4 4 4 4 4 4 4 4 4 4 4 4 4 4 4 4 4 4 4 4 4 4 4 4 4 4 4 4 4 4 4 4 4 4 4 4 4 4 4 4 4 4 4 4 4 4 4 4 4 4 4 4 4 4 4 4 4 4 4 4 4 4 4 6 6 4 4 4 6 6 6 6 6 6 2 7 7 0 0 0 0 0 0 8 8 8 8 8 8 8 8 8 8 8 8 0 0 0 0 0 0 @
6 2 2 6 2 0 0 0 0 8 7 8 8 6 6 6 6 6 6 6 6 4 6 C 6 6 6 6 6 6 4 6 8 8 8 8 2 6 6 4 6 6 6 0 0 0 0 0 0 0 0 0 0 0 0 0 4 4 4 4 4 4 4 4 4 4 4 4 4 4 4 4 4 4 4 4 4 4 4 4 4 4 4 4 4 4 4 4 4 4 4 4 4 4 4 4 4 4 4 4 4 4 4 4 4 4 4 4 4 4 4 4 4 4 4 4 4 4 4 4 4 4 4 4 4 4 4 4 4 4 4 4 4 4 4 4 4 4 4 4 4 6 6 6 6 6 6 2 7 7 0 0 0 0 0 0 8 8 8 8 8 8 8 8 8 8 8 8 0 0 0 0 0 0 @
2 2 2 6 2 2 0 0 0 8 7 8 8 6 6 6 6 4 4 4 6 6 6 C C 6 6 6 6 6 4 6 8 8 8 7 7 7 6 6 6 6 6 0 0 0 0 0 0 0 0 0 0 0 0 4 4 4 4 4 4 4 4 4 4 4 4 4 4 4 4 4 4 4 4 4 4 4 4 4 4 4 4 4 4 4 4 4 4 4 4 4 4 4 4 4 4 4 4 4 4 4 4 4 4 4 4 4 4 4 4 4 4 4 4 4 4 4 4 4 4 0 4 4 4 4 4 4 4 4 4 4 4 4 4 4 4 4 4 6 6 6 6 6 6 2 2 6 2 7 0 0 0 0 0 0 8 8 8 8 8 8 8 8 8 8 8 8 0 0 0 0 0 0 @
2 2 2 6 2 2 0 0 0 7 7 8 8 6 4 4 6 4 4 4 6 6 6 6 C C C 6 6 4 4 4 8 8 8 8 7 7 6 6 6 6 6 4 0 0 0 0 0 0 0 0 0 0 0 4 4 4 4 4 4 4 4 4 4 4 4 4 4 4 4 4 4 4 4 4 4 4 4 4 4 4 4 4 4 4 4 4 4 4 4 4 4 4 4 4 4 4 4 4 4 4 4 4 4 4 4 4 4 4 4 4 4 4 4 4 4 4 4 4 4 0 4 4 4 4 4 4 4 4 0 0 0 0 0 0 0 0 4 6 6 6 6 6 4 0 0 2 6 2 0 0 0 0 0 0 8 8 8 8 8 8 8 8 8 8 8 8 0 0 0 0 0 0 @
2 7 7 8 2 2 2 0 0 7 8 8 6 6 4 4 6 6 8 4 6 6 6 6 C C C C 6 4 4 4 8 8 8 8 7 7 7 6 6 6 6 4 0 0 0 0 0 0 0 0 0 0 0 4 4 4 4 4 4 4 4 4 4 4 4 4 4 4 4 4 4 4 4 4 4 4 4 4 6 6 4 4 4 4 4 4 4 4 4 4 4 4 4 4 4 4 4 4 4 4 4 4 4 4 4 4 4 4 4 4 4 4 4 4 4 4 4 4 4 4 4 4 4 4 4 4 4 4 0 0 0 0 0 0 0 0 4 6 6 6 6 6 0 0 0 2 2 6 0 0 0 0 0 0 8 8 8 8 8 8 8 8 8 8 8 8 0 0 0 0 0 0 @
8 7 7 2 2 2 2 0 0 7 8 4 4 6 6 8 6 6 6 4 6 6 6 6 6 C C C 6 6 6 6 6 8 8 8 8 7 7 6 6 6 6 4 0 0 0 0 0 0 0 0 0 0 4 4 4 4 4 4 4 4 4 4 4 4 4 4 4 4 4 4 4 4 4 4 4 4 4 4 6 6 4 4 4 4 4 4 4 4 4 4 4 4 4 4 4 4 4 4 4 4 4 4 4 4 4 4 4 4 4 4 4 4 4 4 4 4 4 4 4 4 4 4 4 4 4 4 4 0 0 0 0 0 0 0 0 0 0 6 6 6 6 0 0 0 0 0 0 2 0 0 0 0 0 0 8 8 8 8 8 8 8 8 8 8 8 8 0 0 0 0 0 0 @
7 7 7 8 2 2 2 0 0 7 8 4 4 4 8 8 6 6 6 6 6 6 6 6 6 C C C 8 6 8 6 6 8 8 8 8 7 C 2 6 6 6 4 0 0 0 0 0 0 0 0 0 0 6 4 4 4 4 4 4 4 4 4 4 4 4 4 4 4 4 4 4 4 4 4 4 4 4 4 6 4 4 4 4 4 4 4 4 4 4 4 4 4 4 4 4 4 4 4 4 4 4 4 4 4 4 4 4 4 4 4 4 4 4 4 4 4 4 4 4 0 4 4 4 4 4 4 4 0 0 0 0 0 0 0 0 0 0 0 6 6 2 2 2 2 2 2 0 2 0 0 0 0 0 0 8 8 8 8 8 8 8 8 8 8 8 8 0 0 0 0 0 0 @
7 7 7 8 2 2 0 0 0 8 8 4 4 6 8 C 6 6 6 6 6 6 6 6 6 6 C C 6 6 8 8 6 6 8 8 8 7 7 7 6 6 6 6 0 0 0 0 0 0 0 0 0 4 6 4 4 6 4 4 4 4 4 4 4 4 4 4 4 4 4 4 4 4 4 4 4 4 4 4 6 4 4 4 4 4 4 4 4 4 4 4 4 4 4 4 4 4 4 4 4 4 4 4 4 4 4 4 4 4 4 4 4 4 4 4 4 4 4 4 4 0 4 4 4 4 4 4 4 0 0 0 4 0 0 0 0 0 0 0 2 6 6 2 2 2 2 2 2 0 0 0 0 0 0 0 8 8 8 8 8 8 8 8 8 8 8 8 0 0 0 0 0 0 @
6 7 7 8 2 0 0 0 0 8 8 4 4 6 6 C C 6 6 6 6 6 6 6 6 6 6 6 4 6 8 8 6 8 8 8 8 7 7 C 6 6 6 6 0 0 0 0 0 0 0 0 0 4 4 6 6 4 4 4 4 4 4 4 4 4 4 4 4 4 4 4 4 4 4 4 4 4 4 4 4 4 4 4 4 4 4 4 4 4 4 4 4 4 4 4 4 4 4 4 4 4 4 4 4 4 4 4 4 4 4 4 4 4 4 4 4 4 4 4 0 4 4 4 4 4 4 4 0 0 0 0 4 0 0 0 0 0 0 0 2 6 2 6 2 2 6 6 6 2 0 0 0 0 0 0 8 8 8 8 8 8 8 8 8 8 8 8 0 0 0 0 0 0 @
2 8 2 2 2 0 0 0 0 8 8 4 4 6 C C C 6 6 6 6 6 6 6 6 6 6 6 4 6 8 8 8 8 8 8 8 7 7 C 2 6 6 6 0 0 0 0 0 0 0 0 0 6 6 6 4 4 4 4 4 4 4 4 4 4 4 4 4 4 4 4 4 4 4 4 4 4 4 4 4 4 4 4 4 4 4 4 4 4 4 4 4 4 4 4 4 4 4 4 4 4 4 4 4 4 4 4 4 4 4 4 4 4 4 4 4 4 4 4 0 0 4 6 4 4 4 4 0 0 4 0 0 0 0 0 6 8 0 2 6 2 2 2 2 6 2 2 2 8 0 0 0 0 0 0 8 8 8 8 8 8 8 8 8 8 8 8 0 0 0 0 0 0 @
6 6 6 2 0 0 0 0 2 7 8 4 6 6 8 8 C 6 6 6 6 6 6 6 6 6 6 6 6 6 8 8 8 8 8 8 8 8 7 C 7 6 6 6 6 0 0 0 0 0 0 0 6 6 6 6 4 4 4 4 4 4 4 4 4 4 4 4 4 4 4 4 4 4 4 4 4 4 4 4 4 4 4 4 4 4 4 4 4 4 4 4 4 4 4 4 4 4 4 4 4 4 4 4 4 4 4 4 4 4 4 4 4 4 4 4 4 4 4 0 0 0 4 4 4 4 4 4 0 0 0 0 0 6 6 6 7 0 0 2 6 2 2 2 2 6 2 2 7 2 0 0 0 0 0 0 8 8 8 8 8 8 8 8 8 8 8 8 0 0 0 0 0 0 @
6 6 6 2 0 0 0 0 2 7 8 4 6 6 8 8 6 6 6 6 6 6 6 6 6 6 6 8 6 6 8 8 8 8 8 8 8 8 7 C 7 6 6 6 6 0 0 0 0 0 0 0 8 8 6 4 4 4 4 4 4 4 4 4 4 4 4 4 4 4 4 4 4 4 4 4 4 4 4 4 4 4 4 4 4 4 4 4 4 4 4 4 4 4 4 4 4 4 4 4 4 4 4 4 4 4 4 4 4 4 4 4 4 4 4 4 4 4 4 0 0 0 4 4 6 4 4 4 0 0 0 0 0 6 6 7 8 0 0 2 2 2 2 2 6 2 6 2 2 8 0 0 0 0 0 0 8 8 8 8 8 8 8 8 8 8 8 8 0 0 0 0 0 0 @
2 2 2 6 2 0 0 0 8 8 8 4 6 6 C 6 4 6 6 6 6 6 4 6 6 6 6 6 4 6 8 8 8 8 8 8 8 8 8 7 C 2 6 6 6 4 0 0 0 0 0 0 8 8 4 4 4 4 4 4 4 4 4 4 4 4 4 4 4 4 4 4 4 4 4 4 4 4 4 4 4 4 4 4 4 4 4 4 4 4 4 4 4 4 4 4 4 4 4 4 4 4 4 4 4 4 4 4 4 4 4 4 4 4 4 4 4 4 0 0 0 0 4 4 4 4 4 0 0 0 0 0 6 6 6 6 0 0 0 6 2 2 2 2 6 2 2 2 8 2 0 0 0 0 0 0 7 7 7 7 7 7 7 7 7 7 7 7 0 0 0 0 0 0 @
2 2 2 2 0 0 0 0 8 8 8 4 4 6 C 6 4 6 6 6 6 6 6 4 4 6 6 6 6 6 8 8 8 8 8 8 8 8 8 7 7 7 6 6 6 4 0 0 0 0 0 8 8 6 4 4 4 4 4 4 4 4 4 4 4 4 4 4 4 4 4 4 4 4 4 4 4 4 4 4 4 4 4 4 4 4 4 4 4 4 4 4 4 4 4 4 4 4 4 4 4 4 4 4 4 4 4 4 4 4 4 4 4 4 4 4 4 4 0 0 0 0 0 0 0 0 0 0 0 0 0 0 6 6 6 2 0 0 0 2 2 2 2 2 2 2 2 2 2 2 0 0 0 0 0 0 7 7 7 7 7 7 7 7 7 7 7 7 0 0 0 0 0 0 @
2 2 2 0 0 0 0 2 8 8 8 4 4 6 6 6 4 6 6 6 6 C 6 4 4 6 6 6 6 6 8 8 8 8 8 8 8 8 8 8 7 7 6 6 4 4 4 0 0 0 0 8 8 6 4 4 4 4 4 4 4 4 4 4 4 4 4 4 4 4 4 4 4 4 4 4 4 4 4 4 4 4 4 4 4 4 4 4 4 4 4 4 4 4 4 4 4 4 4 4 4 4 4 4 4 4 4 4 4 4 4 4 4 4 4 4 4 4 0 0 0 0 0 0 0 0 0 0 0 0 0 0 0 2 6 0 0 0 2 2 2 2 2 2 2 2 2 2 2 2 0 0 0 0 0 0 7 7 7 7 7 7 7 7 7 7 7 7 0 0 0 0 0 0 @
2 2 2 0 6 6 2 2 7 7 8 4 6 6 6 6 4 4 6 6 6 6 6 6 6 6 6 4 6 6 8 8 8 8 8 8 8 8 8 8 7 7 6 6 4 4 4 0 0 0 0 8 8 4 4 4 4 4 4 4 4 4 4 4 4 4 4 4 4 4 4 4 4 4 4 4 0 0 4 4 4 4 4 4 4 4 4 4 4 4 4 4 4 4 4 4 4 4 4 4 4 4 4 4 4 4 4 4 4 4 4 4 4 4 4 4 4 0 0 0 0 0 0 0 0 0 0 0 0 0 0 8 6 6 0 0 0 0 2 6 2 2 2 2 2 6 2 2 0 2 0 0 0 0 0 0 7 7 7 7 7 7 7 7 7 7 7 7 0 0 0 0 0 0 @
2 2 6 6 2 6 2 7 F F 8 0 6 6 6 6 4 4 6 6 4 6 6 6 6 6 6 6 6 6 6 8 8 8 8 8 8 8 8 8 7 7 6 4 4 4 4 4 0 0 0 8 6 4 4 4 4 4 4 4 4 4 4 4 4 4 4 4 4 4 4 4 4 4 4 0 0 0 4 4 4 4 4 4 4 4 4 4 4 4 4 4 4 4 4 4 4 4 4 4 4 4 4 4 4 4 4 4 4 4 4 4 4 4 4 4 4 0 0 0 0 0 0 0 0 0 0 2 0 0 8 8 2 0 0 0 0 0 2 6 2 2 2 2 2 6 2 0 0 0 0 0 0 0 0 0 7 7 7 7 7 7 7 7 7 7 7 7 0 0 0 0 0 0 @
2 2 2 7 2 6 7 F F F 8 0 4 6 6 4 4 6 6 6 4 4 6 6 6 6 6 6 4 6 8 8 8 8 8 8 8 8 8 8 8 7 6 4 4 4 4 4 0 0 0 0 6 4 4 4 4 4 4 4 4 4 4 4 4 4 4 4 4 4 4 4 4 0 0 0 0 4 4 4 4 4 4 4 4 4 4 4 4 4 4 4 4 4 4 4 4 4 4 4 4 4 4 4 4 4 4 4 4 4 4 4 4 4 4 4 4 0 0 0 0 0 0 0 0 0 2 0 0 0 2 8 0 0 0 0 0 0 0 2 6 2 2 2 2 6 2 0 0 0 0 0 0 0 0 0 7 7 7 7 7 7 7 7 7 7 7 7 0 0 0 0 0 0 @
2 2 2 7 2 2 7 F F F 7 0 4 6 6 4 4 6 6 6 4 4 4 6 6 8 7 6 4 6 6 8 8 8 8 8 8 7 7 8 6 7 6 4 6 4 4 0 0 0 0 0 6 4 4 4 4 4 4 4 4 4 4 4 4 4 4 4 4 4 4 4 4 4 8 8 8 8 4 4 4 4 4 4 4 4 4 4 4 4 4 4 4 4 4 4 4 4 4 4 4 4 4 4 4 4 4 4 4 4 4 4 4 4 4 4 4 0 0 0 0 0 0 0 0 4 6 0 0 6 8 2 0 0 0 0 0 0 0 0 2 2 2 2 2 2 2 0 0 0 0 0 0 0 0 0 7 7 7 7 7 7 7 7 7 7 7 7 0 0 0 0 0 0 @
0 2 2 2 2 7 7 F F F 7 0 0 4 4 4 4 6 6 6 4 4 4 6 6 7 7 6 4 4 6 8 8 8 8 8 8 7 7 7 8 7 6 4 6 4 4 0 0 0 0 0 6 4 4 4 4 4 4 4 4 4 4 4 4 4 4 4 4 4 4 8 7 7 7 7 7 7 7 4 4 4 4 4 4 4 4 4 4 4 4 4 4 4 4 4 4 4 4 4 4 4 4 4 4 4 4 4 4 4 4 4 4 4 4 4 4 4 0 0 0 0 0 0 0 8 8 0 0 2 2 2 2 2 2 0 0 0 0 0 0 2 2 2 2 6 2 0 0 0 0 0 0 0 0 0 7 7 7 7 7 7 7 7 7 7 7 7 0 0 0 0 0 0 @
0 2 2 2 2 7 F F F F F 8 0 4 8 8 6 6 6 6 6 4 4 8 8 7 7 7 6 4 6 8 8 8 8 8 8 7 7 7 8 7 6 4 6 4 4 0 0 0 0 0 6 6 4 4 4 4 4 4 4 4 4 4 4 4 4 4 4 4 8 7 7 7 7 7 7 7 C 7 4 4 4 4 4 4 4 4 4 4 4 4 4 4 4 4 4 4 4 4 4 4 4 4 4 4 4 4 4 0 4 4 4 4 4 4 4 4 0 0 0 0 0 0 8 8 0 0 0 0 0 2 2 2 2 2 2 0 0 0 0 2 6 2 2 2 0 0 0 0 0 0 0 0 0 0 7 7 7 7 7 7 7 7 7 7 7 7 0 0 0 0 0 0 @
6 7 6 2 2 7 F F F F F 8 0 4 8 8 6 6 6 6 6 6 6 7 7 7 7 7 6 4 4 6 8 8 8 8 8 7 7 8 8 7 6 6 6 4 4 4 0 0 0 0 4 4 4 4 4 4 4 4 4 4 4 4 4 4 4 4 4 8 7 7 7 7 7 7 7 7 7 C 7 4 4 4 4 4 4 4 4 4 4 4 4 4 0 4 4 4 0 0 0 4 4 4 4 0 0 0 0 0 4 4 4 4 4 4 4 4 0 0 0 0 0 4 8 8 0 0 0 0 0 2 2 2 2 2 2 2 0 0 0 0 2 2 2 2 0 0 0 0 0 0 0 0 0 0 7 7 7 7 7 7 7 7 7 7 7 7 0 0 0 0 0 0 @
7 6 2 6 2 7 F F F 7 7 7 0 0 4 6 6 6 6 6 6 6 8 C 7 8 7 7 6 6 4 6 8 8 8 8 8 6 8 8 7 6 6 6 6 6 4 4 0 0 0 4 4 4 4 4 4 4 4 4 4 4 4 4 4 4 4 4 8 7 7 7 8 7 7 7 7 7 7 7 7 C 8 0 0 0 0 0 0 0 4 4 4 0 0 0 0 4 0 0 0 4 4 4 4 0 0 0 0 0 4 4 4 4 4 4 4 4 4 0 0 0 0 8 8 8 0 0 0 0 0 0 2 2 2 2 2 2 2 0 0 0 0 2 2 0 0 0 0 0 0 0 0 0 0 0 7 7 7 7 7 7 7 7 7 7 7 7 0 0 0 0 0 0 @
7 2 6 2 2 7 F F 7 7 7 F 6 0 4 6 6 6 4 6 6 6 8 C 7 8 8 7 7 6 4 4 6 8 8 8 6 6 6 8 8 6 6 6 6 6 4 4 0 0 0 4 6 4 4 4 4 4 4 4 4 4 4 4 4 4 4 8 C C F 7 7 8 7 7 7 7 F 7 7 F F 8 0 0 0 0 0 0 4 4 4 0 0 0 0 8 8 4 0 8 8 8 8 0 0 0 0 0 0 4 4 4 4 4 4 4 0 0 0 0 4 8 8 6 0 0 0 0 0 0 2 2 2 2 2 2 2 0 0 0 0 0 0 0 0 0 0 0 0 0 0 0 0 0 7 7 7 7 7 7 7 7 7 7 7 7 0 0 0 0 0 0 @
6 2 2 2 2 7 7 7 7 7 7 F 2 0 4 8 8 6 6 4 6 6 7 7 C 7 8 7 7 6 4 4 6 6 8 8 6 6 8 8 6 6 6 6 6 6 4 4 0 0 0 6 6 6 4 4 4 4 4 4 4 4 4 4 4 4 8 7 C 7 7 7 8 8 8 7 7 F 7 7 7 7 7 7 0 0 0 0 0 0 0 0 0 0 0 8 8 8 8 8 0 8 8 8 8 0 0 0 0 0 0 0 0 0 0 0 0 4 0 0 0 0 8 8 8 2 0 2 2 2 2 0 0 2 2 2 2 2 2 0 0 0 0 0 0 0 0 0 0 2 0 0 0 0 0 0 2 2 2 2 2 2 2 2 2 2 2 2 0 0 0 0 0 0 @
2 2 2 2 2 2 7 7 7 7 F F 7 0 4 8 6 6 6 6 6 8 7 7 C C 8 7 7 6 6 4 4 4 6 6 6 6 6 6 6 6 6 6 6 6 4 4 0 0 0 6 6 6 4 4 4 4 4 4 4 4 4 4 4 8 7 7 7 7 7 7 8 8 7 7 7 7 7 7 7 7 7 7 0 0 0 0 0 0 0 0 0 0 0 8 7 8 7 7 8 8 7 8 8 8 0 0 0 0 0 0 0 0 0 0 0 0 0 0 0 4 8 8 8 2 2 2 2 2 2 2 0 0 0 2 2 2 2 0 0 0 0 0 0 0 0 0 0 0 0 0 0 0 0 0 2 2 2 2 2 2 2 2 2 2 2 2 0 0 0 0 0 0 @
2 6 2 2 2 2 2 2 7 7 7 7 2 6 0 8 6 8 8 8 8 8 7 7 C C 8 8 7 2 6 4 4 4 4 6 6 6 6 6 6 6 6 6 6 6 4 4 0 0 0 6 6 6 4 4 4 4 4 4 4 4 4 4 8 C 7 7 7 7 7 7 8 0 8 7 7 7 7 7 7 7 7 7 7 8 8 8 7 7 8 8 8 8 8 8 8 8 7 7 7 8 8 7 7 8 8 8 8 8 8 8 8 8 8 8 8 8 8 6 0 0 0 8 6 2 2 2 2 2 2 2 2 0 0 0 0 0 0 0 0 0 0 0 0 0 0 0 0 0 0 0 0 0 0 0 2 2 2 2 2 2 2 2 2 2 2 2 0 0 0 0 0 0 @
2 2 2 2 6 2 2 2 7 7 2 6 0 2 0 8 8 8 8 7 8 8 8 7 C C 8 8 7 2 6 4 4 4 4 6 6 6 6 6 6 6 6 6 6 6 4 4 0 0 0 6 6 6 4 4 4 4 4 4 4 4 4 4 7 C 7 7 8 8 0 0 0 0 0 7 7 7 7 7 7 8 7 F F 7 7 7 7 7 7 7 8 8 8 8 8 8 7 7 7 8 7 7 7 8 8 8 8 8 8 8 8 8 8 8 7 7 7 7 7 7 7 7 8 2 2 2 2 6 6 6 2 0 0 0 0 0 0 0 0 0 0 0 0 0 0 0 0 0 0 0 0 0 0 0 2 2 2 2 2 2 2 2 2 2 2 2 0 0 0 0 0 0 @
6 6 6 6 6 6 6 2 2 6 2 0 0 0 8 8 8 8 8 8 8 8 8 8 7 C 8 8 8 C 6 4 4 4 4 6 6 6 6 6 6 6 6 6 6 4 4 4 0 0 0 6 6 6 4 4 4 4 4 4 4 4 4 8 7 7 8 8 8 8 8 8 8 8 8 8 7 7 7 7 7 8 7 7 7 7 7 7 7 7 8 8 8 8 8 8 8 7 7 7 7 7 8 7 7 8 8 8 8 8 8 8 8 8 8 8 8 8 8 8 7 7 7 7 7 7 7 2 8 2 2 8 8 2 0 0 0 0 0 0 0 0 0 0 0 0 0 0 0 0 0 0 0 0 0 0 2 2 2 2 2 2 2 2 2 2 2 2 0 0 0 0 0 0 @
0 0 2 2 6 6 2 2 2 2 0 0 0 0 7 7 7 8 8 8 8 8 8 8 7 C 8 8 8 7 2 6 4 4 4 6 6 6 6 6 6 6 6 6 6 4 4 4 0 0 0 8 8 6 6 6 6 6 4 4 4 4 4 7 7 7 7 7 7 7 7 7 7 F 7 7 7 7 7 7 7 7 7 7 7 7 7 7 7 7 7 8 8 8 8 8 8 7 7 7 7 7 8 7 7 8 8 8 8 8 8 8 8 8 8 8 8 8 8 8 8 8 8 7 7 7 7 7 7 F 7 7 2 8 0 0 0 0 2 0 0 0 0 0 0 0 0 0 0 0 0 0 0 0 0 0 2 2 2 2 2 2 2 2 2 2 2 2 0 0 0 0 0 0 @
0 0 0 2 6 6 2 2 2 0 0 0 0 0 8 7 7 8 8 8 8 8 8 8 8 C 7 8 8 8 7 6 4 4 6 6 6 6 6 6 6 6 6 6 4 4 4 0 0 0 0 0 8 6 6 6 6 6 4 4 4 8 8 7 7 7 7 7 7 F 7 F F 7 7 8 8 8 7 7 7 7 8 7 F F 7 2 7 7 7 7 8 8 8 8 2 8 7 7 F 7 8 7 8 8 8 8 8 8 8 8 8 8 8 8 8 7 7 7 8 8 7 7 7 7 7 7 7 7 7 F F 7 8 0 0 0 2 0 0 0 0 0 0 0 0 0 0 0 0 0 0 0 0 0 2 2 2 2 2 2 2 2 2 2 2 2 0 0 0 0 0 0 @
0 0 2 2 2 2 6 6 6 2 0 0 0 0 8 7 7 8 8 8 8 8 8 8 8 7 C 8 8 6 7 6 4 4 6 6 6 6 6 6 6 6 6 4 4 4 4 0 0 0 0 0 0 8 6 6 6 6 8 8 7 7 7 7 7 7 F F F 7 7 7 7 7 7 8 7 7 7 7 7 7 8 7 F 7 7 7 7 7 7 7 8 8 8 8 8 7 7 7 7 7 8 8 8 8 8 8 8 8 8 8 8 8 8 8 8 8 7 7 7 7 7 7 7 7 7 7 7 7 7 7 7 7 7 2 6 2 2 2 0 0 0 0 0 0 0 0 0 0 0 0 0 0 0 0 2 2 2 2 2 2 2 2 2 2 2 2 0 0 0 0 0 0 @
6 7 7 6 2 6 6 2 2 6 0 0 0 0 8 7 7 8 8 8 8 8 8 8 8 8 C 8 6 8 8 6 6 6 6 6 6 6 6 6 6 6 6 4 4 4 0 0 0 0 0 0 0 2 8 8 2 7 7 7 7 7 7 F F F F 7 7 7 7 7 7 7 7 8 7 7 7 7 7 7 8 7 7 8 7 7 7 7 7 7 7 7 8 8 8 7 7 7 7 7 8 8 8 8 8 8 7 7 7 7 7 7 7 7 7 7 7 7 7 7 2 7 7 7 7 7 7 7 7 7 7 7 7 7 7 7 2 8 8 2 2 0 0 0 0 0 0 0 0 0 0 0 0 0 2 2 2 2 2 2 2 2 2 2 2 2 0 0 0 0 0 0 @
7 7 7 6 2 2 6 2 2 6 0 0 0 0 8 8 8 8 8 8 8 8 8 8 8 8 C 8 6 8 6 7 6 6 6 6 6 6 6 6 6 4 4 4 0 0 0 0 0 0 0 0 0 8 7 7 7 7 7 7 7 F F F 7 7 7 2 8 7 7 7 7 7 7 8 8 7 7 8 8 7 4 8 8 8 7 7 7 7 7 7 7 8 8 8 8 8 8 8 8 8 7 7 8 8 8 8 8 8 8 8 2 2 7 7 7 7 7 7 7 7 7 7 7 7 7 7 7 7 7 7 7 7 7 7 7 7 F 7 2 8 6 0 0 0 0 0 0 0 0 0 0 0 0 0 2 2 2 2 2 2 2 2 2 2 2 2 0 0 0 0 0 0 @
6 6 6 6 6 2 6 2 2 2 0 0 0 0 8 8 8 8 8 8 8 8 8 8 8 8 C 8 8 8 6 7 6 4 6 6 6 6 6 6 6 6 6 0 0 0 0 0 0 0 0 8 7 7 7 7 7 7 7 F F 7 7 7 7 7 7 7 7 7 7 7 7 7 7 8 8 8 8 8 7 7 8 8 8 8 8 8 8 8 8 8 8 8 2 0 0 0 8 8 8 8 7 7 7 8 0 2 2 2 2 8 8 8 8 8 8 8 8 7 7 7 7 7 7 7 7 7 7 7 7 7 7 7 7 7 7 7 7 7 F F 2 2 0 0 0 0 0 0 0 0 0 0 0 0 2 2 2 2 2 2 2 2 2 2 2 2 0 0 0 0 0 0 @
6 2 2 6 6 6 6 2 2 6 0 0 0 0 2 8 0 8 8 8 8 8 8 8 8 8 8 8 8 6 6 7 6 4 6 6 6 6 6 6 6 6 6 4 0 0 0 0 0 8 7 7 7 7 7 7 F F F 7 7 7 7 7 7 7 7 7 7 7 7 7 7 7 7 8 8 8 8 8 7 7 0 0 2 8 2 2 2 0 0 0 0 0 0 0 0 0 0 0 4 8 7 7 7 0 0 0 0 0 0 0 0 0 0 0 2 6 8 8 8 8 7 2 2 7 7 7 7 7 7 7 7 7 7 7 7 7 7 7 7 7 F 7 8 0 0 0 0 0 0 0 0 0 0 0 2 2 2 2 2 2 2 2 2 2 2 2 0 0 0 0 0 0 @
6 6 2 2 6 2 2 2 2 2 2 2 0 0 0 8 0 8 8 6 8 8 8 8 8 6 8 C 8 6 6 8 8 4 6 6 6 6 6 6 6 6 6 6 4 0 8 7 7 F 7 7 7 7 F F F 7 7 7 7 7 7 7 7 7 7 7 7 7 7 7 7 7 7 7 8 8 8 8 7 7 0 0 0 0 0 0 0 0 0 0 0 0 0 0 0 0 0 0 0 8 7 7 8 0 0 0 0 0 0 0 0 0 0 0 0 0 0 2 2 2 2 2 8 8 7 7 7 7 7 7 7 7 7 7 7 7 7 7 7 7 7 7 7 7 2 0 0 0 0 0 0 0 0 0 6 6 6 6 6 6 6 6 6 6 6 6 0 0 0 0 0 0 @
2 6 2 2 2 6 2 2 2 2 7 2 6 0 0 8 8 8 8 6 8 8 6 8 8 6 8 C 8 6 6 6 8 4 4 6 6 6 6 6 6 6 6 8 8 7 7 7 7 7 7 F F F F 7 7 7 7 7 7 7 7 7 7 7 7 7 7 7 7 7 7 7 8 8 2 8 8 7 7 7 4 0 0 0 0 0 0 0 0 0 0 0 4 4 0 0 0 0 0 8 8 8 8 0 0 0 0 0 0 0 0 0 0 0 0 0 0 2 2 0 0 0 2 2 2 8 8 8 7 7 7 7 7 7 7 7 7 7 7 7 7 7 7 7 7 7 0 0 0 0 0 0 0 0 6 6 6 6 6 6 6 6 6 6 6 6 0 0 0 0 0 0 @
2 2 6 2 0 2 6 2 2 7 7 2 6 0 0 8 8 8 8 4 4 8 4 8 8 6 8 7 8 6 6 6 8 6 0 0 4 6 6 6 6 6 8 7 7 F 7 7 F F F F 7 7 7 7 7 7 7 7 7 7 7 7 7 7 7 7 7 7 7 8 8 8 0 0 0 0 8 7 7 8 8 0 0 0 0 0 0 0 0 0 2 0 0 4 0 0 0 0 4 8 7 7 8 0 0 0 0 0 4 0 0 0 0 0 4 4 0 2 2 2 0 0 0 0 0 0 2 2 8 8 2 7 7 7 7 7 7 7 7 7 7 7 7 7 7 7 7 8 0 0 0 0 0 0 6 6 6 6 6 6 6 6 6 6 6 6 0 0 0 0 0 0 @
2 2 2 2 2 2 2 2 7 C 7 2 6 0 0 8 8 8 8 6 4 6 4 6 8 6 6 8 8 6 6 6 8 6 0 0 0 6 6 6 8 7 7 7 7 7 F F F F 7 7 7 7 7 7 7 7 7 7 7 7 7 7 7 7 7 7 8 8 8 2 0 0 0 0 0 0 8 8 7 7 7 8 0 0 0 0 0 0 0 0 2 8 0 0 0 6 0 0 8 8 7 7 4 0 0 0 0 4 4 0 0 0 0 0 4 4 0 2 2 2 2 0 0 0 0 0 0 0 2 2 2 8 8 7 7 7 7 7 7 7 7 7 7 7 7 7 7 F 0 0 0 0 0 0 6 6 6 6 6 6 6 6 6 6 6 6 0 0 0 0 0 0 @
2 2 2 2 6 2 2 6 2 7 7 7 2 0 0 8 8 8 7 8 4 4 4 4 8 6 6 8 8 6 6 6 7 8 0 0 4 6 8 7 7 7 7 7 7 F F F 7 7 7 7 7 7 7 7 7 7 7 7 7 7 7 7 7 8 8 8 8 2 2 0 0 0 0 0 0 0 8 8 7 7 7 8 0 0 0 0 0 0 0 0 8 8 0 0 0 0 0 0 8 8 8 0 0 0 0 0 0 4 0 0 0 0 0 4 4 4 0 2 2 2 2 2 0 0 0 0 0 0 0 0 0 2 2 2 8 7 7 7 7 7 7 7 7 7 7 7 7 7 0 0 0 0 0 0 6 6 6 6 6 6 6 6 6 6 6 6 0 0 0 0 0 0 @
2 2 2 2 6 6 6 2 6 2 7 7 2 0 0 8 8 8 7 8 0 0 4 4 6 6 6 8 8 8 8 6 8 8 0 0 6 7 7 F F 7 F F F F 7 7 7 7 7 7 7 7 7 7 7 7 7 7 7 7 7 8 8 8 8 8 8 8 8 2 0 0 0 0 0 0 8 8 7 F F 7 0 0 0 0 0 0 0 8 7 8 0 0 0 0 0 0 0 0 0 0 0 0 0 0 0 0 0 0 0 0 4 4 4 0 2 2 2 6 2 0 0 0 0 2 2 0 0 0 2 2 2 0 2 2 8 8 7 7 7 7 7 7 7 7 7 7 0 0 0 0 0 0 6 6 6 6 6 6 6 6 6 6 6 6 0 0 0 0 0 0 @
2 2 2 2 2 6 6 6 6 2 2 2 2 6 0 8 8 8 7 8 0 0 0 4 8 6 6 8 8 6 6 6 8 8 6 8 7 F F F F F F F F 7 7 7 7 7 7 7 7 7 7 7 7 7 7 7 8 8 8 4 0 8 8 8 8 8 8 8 0 0 0 0 0 0 8 7 7 8 7 7 0 0 0 0 0 0 2 7 7 8 0 0 0 0 0 0 0 0 0 0 0 0 0 0 0 0 0 0 0 0 4 4 4 0 2 6 6 6 2 0 0 0 2 2 2 2 2 2 2 2 2 2 2 2 2 2 8 8 7 7 7 7 7 7 7 7 0 0 0 0 0 0 6 6 6 6 6 6 6 6 6 6 6 6 0 0 0 0 0 0 @
2 2 2 2 2 6 2 6 6 2 2 2 2 6 0 8 8 7 7 7 6 0 4 4 6 8 6 8 8 8 8 6 8 7 7 7 F F F F F F F 7 7 7 7 7 7 7 7 7 7 7 7 7 7 7 8 8 8 8 4 4 0 4 8 8 8 8 8 8 4 0 4 0 0 0 0 8 8 0 8 7 8 0 0 0 0 0 8 7 8 2 0 0 0 0 0 0 0 0 0 0 0 0 0 0 0 0 0 0 0 4 4 4 0 2 2 2 6 6 2 0 0 2 2 2 2 2 2 2 2 2 2 2 2 2 2 2 2 2 8 8 7 7 7 7 7 7 0 0 0 0 0 0 6 6 6 6 6 6 6 6 6 6 6 6 0 0 0 0 0 0 @
2 7 7 7 2 2 0 0 6 2 2 2 7 7 0 8 8 7 7 7 8 4 0 0 4 6 6 6 6 6 8 8 7 7 F F F F F F F 7 7 7 7 7 7 7 7 7 7 7 7 7 7 7 8 8 8 4 6 8 4 4 4 4 8 8 8 8 8 8 8 4 4 4 0 0 0 0 0 0 0 8 8 8 8 8 8 8 7 7 8 0 0 0 0 0 0 0 0 0 0 0 0 0 0 0 0 0 0 0 0 4 4 4 0 2 2 6 6 2 0 0 2 6 2 2 2 2 2 2 2 2 2 2 2 2 2 2 2 0 2 2 8 8 7 7 7 7 0 0 0 0 0 0 6 6 6 6 6 6 6 6 6 6 6 6 0 0 0 0 0 0 @
2 2 7 7 2 0 0 0 2 2 2 7 7 6 0 4 8 7 7 7 7 6 4 4 0 0 4 6 4 0 8 7 F F F 7 F F F F 7 7 7 7 7 7 7 7 7 7 7 7 7 7 8 8 8 8 8 4 6 6 4 4 4 4 8 8 8 8 8 8 8 4 4 4 4 4 4 4 0 0 0 4 8 2 2 7 7 7 7 8 2 0 0 0 0 0 0 0 0 0 0 0 0 0 0 0 0 0 0 0 4 4 4 4 2 6 6 6 2 0 0 0 6 6 6 2 2 2 2 2 2 2 2 2 2 2 2 2 2 2 0 0 2 2 8 7 7 7 0 0 0 0 0 0 6 6 6 6 6 6 6 6 6 6 6 6 0 0 0 0 0 0 @
0 0 2 6 0 0 0 0 0 0 6 7 7 6 0 8 8 7 7 C 7 8 6 4 0 0 0 0 2 8 F F F F F F F F 7 7 7 7 7 7 7 7 7 7 7 7 7 7 8 8 0 8 8 8 8 4 6 4 4 4 4 0 4 8 8 8 8 8 8 4 4 4 4 4 4 4 4 0 0 0 8 8 8 8 8 8 8 8 0 0 0 0 0 0 0 0 0 0 0 0 0 0 0 0 0 0 0 4 4 4 4 0 2 2 2 2 0 0 0 2 2 2 6 6 2 2 2 2 2 2 2 2 2 2 2 2 2 2 2 2 0 0 2 8 8 7 0 0 0 0 0 0 6 6 6 6 6 6 6 6 6 6 6 6 0 0 0 0 0 0 @
0 0 0 0 0 0 0 0 0 0 0 6 6 0 0 8 8 7 7 7 7 8 8 4 4 0 0 8 7 F F F F F F F F 7 7 7 8 7 7 7 7 7 7 7 7 7 8 8 2 0 0 8 8 8 4 4 6 4 4 4 4 0 0 4 8 8 8 8 8 8 4 8 4 4 6 4 4 0 0 0 8 0 2 2 2 8 8 8 0 0 0 0 0 0 0 0 0 0 0 0 0 0 0 0 0 0 0 4 4 4 0 0 0 2 2 0 0 0 0 6 2 2 2 6 2 2 2 2 2 2 2 2 2 2 2 2 2 2 2 2 2 0 0 0 2 8 0 0 0 0 0 0 6 6 6 6 6 6 6 6 6 6 6 6 0 0 0 0 0 0 @
0 0 0 0 0 0 0 0 0 0 0 0 0 0 0 0 8 8 7 7 C 7 8 8 8 6 8 7 F F F F F F F 7 7 7 7 7 7 7 7 7 7 7 7 7 2 8 8 8 4 0 0 8 8 8 4 4 6 4 4 4 4 0 0 4 8 8 8 8 8 8 8 8 4 0 6 6 6 4 0 0 0 8 8 8 8 8 8 8 0 0 0 0 0 0 0 0 0 0 0 0 0 0 0 0 0 0 4 4 4 4 0 0 0 0 0 0 0 0 0 6 2 2 2 2 2 2 2 2 2 2 2 2 2 2 2 2 2 2 2 2 2 2 0 0 0 2 0 0 0 0 0 0 7 7 7 7 7 7 7 7 7 7 7 7 0 0 0 0 0 0 @
0 0 0 0 0 0 0 0 0 0 0 0 0 0 0 0 0 8 7 7 C 7 7 8 8 7 F F F F F F F F 7 7 7 7 7 7 7 7 7 7 7 7 7 8 2 8 8 8 8 4 4 8 6 8 4 4 6 4 4 4 4 0 0 4 8 8 8 8 8 8 8 8 8 0 4 6 6 6 4 4 0 8 8 8 8 8 8 2 0 0 0 0 0 0 0 0 0 0 0 0 0 0 0 0 0 4 4 4 4 0 0 0 0 0 0 0 0 0 0 8 7 2 2 6 6 2 2 2 2 2 2 2 2 2 2 6 2 2 2 2 2 2 2 0 0 0 0 0 0 0 0 0 7 7 7 7 7 7 7 7 7 7 7 7 0 0 0 0 0 0 @
0 0 2 2 0 0 0 0 0 0 0 0 0 0 0 0 0 8 7 7 C 7 7 7 7 F F F 7 F F F 7 7 7 7 7 7 7 7 7 7 7 7 7 8 8 0 0 4 8 8 8 4 8 8 6 8 4 4 6 4 4 4 4 0 0 0 4 8 8 8 8 8 8 8 8 4 0 6 8 6 4 8 0 8 8 8 8 8 8 0 0 0 0 0 0 0 0 0 0 0 0 0 0 0 0 0 0 4 4 4 4 0 0 0 0 0 0 0 0 0 0 6 8 8 6 2 2 6 2 2 2 2 2 2 2 2 0 2 6 2 2 2 2 2 0 0 0 0 0 0 0 0 0 0 7 7 7 7 7 7 7 7 7 7 7 7 0 0 0 0 0 0 @
2 2 2 2 0 0 0 0 0 0 0 0 0 0 0 0 0 8 7 7 7 7 7 F F F F F F F F 7 7 7 7 7 7 7 7 7 7 7 7 2 8 6 0 0 0 0 6 8 8 8 8 8 6 8 4 4 4 4 4 4 4 0 0 0 0 8 8 8 8 8 8 8 8 8 0 4 6 8 8 8 8 8 8 8 8 8 8 0 0 0 0 0 0 0 0 0 0 0 0 0 0 0 0 0 4 4 4 4 0 0 0 0 0 0 0 0 0 0 0 0 0 0 0 0 0 2 2 2 2 2 2 2 2 2 0 0 0 2 6 6 2 6 0 0 0 0 0 0 0 0 0 0 7 7 7 7 7 7 7 7 7 7 7 7 0 0 0 0 0 0 @
2 2 2 2 0 0 0 0 0 0 0 0 0 0 0 0 0 8 7 7 7 7 F F F F F F F 7 7 7 7 7 7 7 7 7 7 7 7 7 8 8 6 4 4 4 4 0 0 8 8 8 8 4 6 8 4 4 4 4 4 4 4 0 0 0 0 8 8 8 8 8 8 8 8 8 4 0 6 8 8 8 8 8 8 8 8 8 4 0 0 0 0 0 4 4 4 0 0 0 0 0 0 0 0 4 4 4 4 0 0 0 0 0 0 0 0 0 0 0 0 0 0 0 0 0 0 2 2 2 2 2 2 2 2 2 0 0 0 0 0 0 2 0 0 0 0 0 0 0 0 0 0 0 7 7 7 7 7 7 7 7 7 7 7 7 0 0 0 0 0 0 @
2 2 2 2 0 0 0 0 0 0 0 0 0 2 2 0 0 8 7 7 7 F F F F F F F 7 7 7 7 7 7 7 7 7 7 7 7 8 8 0 4 6 4 4 4 4 0 0 0 8 8 8 4 6 6 4 4 4 4 4 4 4 0 0 0 0 8 8 8 8 8 8 8 8 8 8 4 6 8 8 8 8 8 8 8 8 8 0 0 0 0 4 4 4 4 4 0 0 0 0 0 0 0 0 4 4 4 0 0 0 0 0 0 0 0 0 0 0 0 0 0 0 0 0 0 0 0 6 2 2 2 2 2 2 0 0 0 0 0 0 0 0 0 0 0 0 0 0 0 0 0 0 0 7 7 7 7 7 7 7 7 7 7 7 7 0 0 0 0 0 0 @
6 2 2 2 2 0 0 0 0 0 0 0 2 8 8 8 0 2 7 F F F F F F F F 7 7 7 7 7 7 7 7 7 7 7 2 8 8 0 0 0 4 4 4 0 0 0 0 0 0 8 8 4 8 4 4 4 4 4 4 4 4 0 0 0 0 8 8 8 8 8 8 8 8 8 8 6 6 8 8 8 8 8 8 8 8 8 0 4 0 0 4 4 4 4 4 0 0 0 0 0 0 0 4 4 4 4 0 0 0 0 0 0 0 0 0 0 0 0 0 0 0 0 0 0 0 0 0 2 2 2 2 6 0 0 0 0 0 0 0 0 0 0 0 0 0 0 0 0 0 0 0 0 7 7 7 7 7 7 7 7 7 7 7 7 0 0 0 0 0 0 @
6 2 6 2 2 0 0 0 0 0 0 0 2 8 8 8 2 7 F F F F F F F 7 7 7 7 7 7 7 7 7 7 7 7 8 8 0 0 4 0 0 0 6 4 0 0 0 0 0 0 0 4 4 8 4 4 4 4 4 4 4 4 0 0 0 0 8 8 8 8 8 8 8 8 7 8 8 8 8 8 8 8 8 8 8 7 4 0 4 0 4 4 4 6 6 4 0 0 0 0 0 0 4 4 4 4 0 0 0 0 0 0 0 0 0 0 0 0 0 0 0 0 0 0 0 0 0 0 0 2 2 2 2 0 0 0 0 0 0 0 0 0 0 0 0 0 0 0 0 0 0 0 0 7 7 7 7 7 7 7 7 7 7 7 7 0 0 0 0 0 0 @
6 8 8 8 2 0 0 0 0 0 2 0 2 8 2 8 7 F F F F F F F 7 7 7 7 7 7 7 7 7 7 7 2 8 8 6 4 4 4 4 0 0 0 4 4 0 0 0 0 0 4 4 4 6 4 4 4 4 4 4 4 4 4 0 0 4 8 8 7 8 8 8 8 7 7 7 8 8 8 8 8 8 8 7 7 8 4 4 4 4 4 4 4 6 8 6 0 0 0 0 0 4 4 4 4 4 0 0 0 0 0 0 0 0 0 0 0 0 0 0 0 0 0 0 0 0 0 0 0 0 2 2 0 0 0 0 0 0 0 0 0 0 0 0 0 0 0 0 0 0 0 0 0 7 7 7 7 7 7 7 7 7 7 7 7 0 0 0 0 0 0 @
2 6 2 2 2 0 0 0 0 0 2 2 2 8 8 7 F F F F F F F 7 7 7 7 7 7 7 7 7 7 7 2 6 6 6 6 6 4 4 0 0 0 0 0 0 0 0 0 0 0 4 4 4 6 4 4 4 4 4 4 4 4 4 0 0 4 8 8 8 7 7 8 7 7 7 7 8 8 7 7 7 7 7 7 7 8 0 4 4 4 4 4 6 8 8 6 0 0 0 0 0 4 4 4 4 4 0 0 0 0 0 0 0 0 0 0 0 0 0 0 0 0 0 0 0 0 0 0 0 0 0 0 0 0 0 0 0 0 0 0 0 0 0 0 0 0 0 0 0 0 0 0 0 7 7 7 7 7 7 7 7 7 7 7 7 0 0 0 0 0 0 @
0 2 2 8 0 0 0 0 0 0 2 2 2 7 F F F F F F F F 7 7 7 7 7 7 7 7 7 7 7 8 6 6 6 6 6 6 6 4 0 0 0 0 0 0 0 0 0 0 0 8 4 4 6 4 4 4 4 4 4 4 4 4 0 0 4 8 8 7 7 7 7 7 7 7 7 8 8 7 7 7 7 7 7 7 8 4 4 4 4 4 4 6 8 8 6 0 0 0 0 4 4 4 0 0 4 6 0 0 0 0 0 0 0 0 0 0 0 0 0 0 0 0 0 0 0 0 0 0 0 0 0 0 0 0 0 0 0 0 0 0 0 0 0 0 0 0 0 0 0 0 0 0 7 7 7 7 7 7 7 7 7 7 7 7 0 0 0 0 0 0 @
0 0 6 6 0 0 0 0 0 0 0 2 2 F F F F F F F 7 7 7 7 7 7 7 7 7 7 7 2 8 6 6 6 6 6 6 6 6 6 0 0 0 0 0 0 0 0 0 0 0 4 8 6 6 4 4 4 4 4 4 4 4 4 4 4 6 8 8 7 7 7 7 7 7 7 7 8 8 7 7 7 7 7 7 8 4 4 4 4 4 4 6 6 8 8 4 0 0 0 4 4 4 0 0 0 0 0 0 0 0 0 0 0 0 0 0 0 0 0 0 0 0 0 0 0 0 0 0 0 0 0 0 0 0 0 0 0 0 0 0 0 0 0 0 0 0 0 0 0 0 0 0 0 7 7 7 7 7 7 7 7 7 7 7 7 0 0 0 0 0 0 @
0 0 0 0 0 0 0 0 0 0 2 7 F F F F F F F 7 7 7 7 7 7 7 7 7 7 7 8 8 4 6 6 6 6 6 6 6 6 6 6 0 0 0 0 0 0 0 0 0 0 4 8 8 6 4 6 4 4 4 4 4 4 4 4 4 8 8 8 8 7 7 7 7 7 7 7 8 8 7 7 7 7 7 7 8 4 4 4 4 4 4 6 6 8 8 0 0 0 4 4 4 4 0 0 0 0 0 0 0 0 0 0 0 0 0 0 0 0 0 0 0 0 0 0 0 0 0 0 0 0 0 0 0 0 0 0 0 0 0 0 0 0 0 0 0 0 0 0 0 0 0 0 0 C C C C C C C C C C C C 0 0 0 0 0 0 @
0 0 0 0 0 0 0 0 0 2 7 F F F F F F F 7 7 7 7 7 7 7 7 7 7 7 8 6 4 4 4 6 6 6 6 4 6 6 6 6 0 0 0 0 0 0 0 0 0 0 4 8 8 6 4 6 4 4 4 4 4 4 4 4 4 8 8 8 8 7 7 7 7 7 7 7 8 8 7 7 7 7 7 7 8 4 4 4 4 4 4 6 8 8 8 0 0 0 4 4 4 0 0 0 0 0 0 0 0 0 0 0 0 0 0 0 0 0 0 0 0 0 0 0 0 0 0 0 0 0 0 0 0 0 0 0 0 0 0 0 0 0 0 0 0 0 0 0 0 0 0 0 0 C C C C C C C C C C C C 0 0 0 0 0 0 @
2 2 2 2 2 0 0 0 0 7 F F F F F F F 7 7 7 7 7 7 7 7 7 7 2 8 6 4 4 4 4 6 6 6 6 4 4 6 4 4 0 0 0 0 0 0 0 0 0 0 4 8 8 6 4 6 6 4 4 4 4 4 4 4 4 8 8 8 8 7 7 7 7 7 7 7 8 7 7 7 7 7 7 8 4 4 4 4 4 4 6 6 8 8 8 0 0 4 4 4 0 0 0 0 0 0 0 0 0 0 0 0 0 0 0 0 0 0 0 0 0 0 0 0 0 0 0 0 0 0 0 0 0 0 0 0 0 0 0 0 0 0 0 0 0 0 0 0 0 0 0 0 0 C C C C C C C C C C C C 0 0 0 0 0 0 @
2 2 2 2 2 0 0 0 7 F F F F F F F 7 7 7 7 7 7 7 7 7 7 2 8 6 4 4 4 4 4 4 6 6 6 4 4 6 6 4 0 0 0 0 0 0 0 0 0 0 4 8 8 6 4 6 6 4 4 4 4 4 4 4 4 8 8 8 8 7 7 7 7 7 7 7 8 7 7 7 7 7 7 8 8 8 4 4 4 4 8 8 8 8 8 0 0 4 4 4 0 0 0 0 0 0 0 0 0 0 0 0 0 0 0 0 0 0 0 0 0 0 0 0 0 0 0 0 0 0 0 0 0 0 0 0 0 0 0 0 0 0 0 0 0 0 0 0 0 0 0 0 0 C C C C C C C C C C C C 0 0 0 0 0 0 @
F 8 2 2 2 2 2 7 F F F F F F F 7 7 7 7 7 7 7 7 7 7 8 8 6 4 4 4 4 4 4 4 6 6 6 4 0 4 4 4 4 0 0 0 0 0 0 0 0 0 4 8 8 6 4 6 6 4 4 4 4 4 4 4 4 8 8 8 8 7 7 7 7 7 7 7 7 7 7 7 7 7 8 8 8 8 6 6 4 4 8 8 8 7 6 0 0 0 0 0 0 0 0 0 0 0 0 0 0 0 0 0 0 0 0 0 0 0 0 0 0 0 0 0 0 0 0 0 0 0 0 0 0 0 0 0 0 0 0 0 0 0 0 0 0 0 0 0 0 0 0 0 0 C C C C C C C C C C C C 0 0 0 0 0 0 @
7 2 2 2 2 6 7 F F F F F F F 7 7 7 7 7 7 7 7 7 7 8 8 8 6 4 4 4 4 4 4 4 4 6 6 4 0 0 4 0 4 0 0 0 0 0 0 0 0 0 4 8 8 6 4 6 6 4 4 4 4 4 4 4 4 8 8 8 8 7 7 7 7 7 7 7 7 7 7 7 7 7 8 8 8 8 6 8 4 4 8 8 8 7 4 0 0 0 0 0 0 0 0 0 0 0 0 0 0 0 0 0 0 0 0 0 0 0 0 0 0 0 0 0 0 0 0 0 0 0 0 0 0 0 0 0 0 0 0 0 0 0 0 0 0 0 0 0 0 0 0 0 0 C C C C C C C C C C C C 0 0 0 0 0 0 @
8 6 2 2 2 7 F F F F F F F 7 7 7 7 7 7 7 7 7 7 8 8 8 8 6 4 4 4 4 4 4 4 4 4 6 6 0 0 0 0 0 0 0 0 0 0 0 0 0 4 8 8 8 6 4 6 6 4 4 4 4 4 4 6 4 8 8 8 8 7 7 7 7 7 7 7 7 7 7 7 7 7 4 8 8 8 6 8 4 6 8 8 7 7 4 0 0 0 0 0 0 0 0 0 0 0 0 0 0 0 0 0 0 0 0 0 0 0 0 0 0 0 0 0 0 0 0 0 0 0 0 0 0 0 0 0 0 0 0 0 0 0 0 0 0 0 0 0 0 0 0 0 0 C C C C C C C C C C C C 0 0 0 0 0 0 @
0 0 0 2 7 F F F F F F F 7 7 7 7 7 7 7 7 7 7 8 8 8 8 6 6 4 4 4 4 4 4 4 4 4 4 6 4 0 0 0 0 0 4 4 4 0 0 0 0 4 8 8 8 6 6 6 6 6 4 4 4 4 4 6 4 0 8 8 8 7 7 7 7 7 7 7 7 7 7 7 7 8 8 8 8 8 6 8 8 6 8 8 C 8 4 0 0 0 0 0 0 0 0 0 0 0 0 0 0 0 0 0 0 0 0 0 0 0 0 0 0 0 0 0 0 0 0 0 0 0 0 0 0 0 0 0 0 0 0 0 0 0 0 0 0 0 0 0 0 0 0 0 0 C C C C C C C C C C C C 0 0 0 0 0 0 @
0 0 0 7 F F F F F F F 7 7 7 7 7 7 7 7 7 7 8 8 8 6 6 6 6 4 4 4 4 4 4 4 4 4 4 4 4 4 0 0 0 0 4 4 4 0 0 0 4 4 8 8 8 6 6 6 6 6 4 4 4 4 4 6 4 0 8 8 8 8 7 7 7 7 7 7 7 7 7 7 7 8 8 8 8 8 8 8 4 6 8 8 C 8 0 0 4 0 0 0 0 0 2 2 0 0 0 0 0 0 0 0 0 0 0 0 0 0 0 0 0 0 0 0 0 0 0 0 0 0 0 0 0 0 0 0 0 0 0 0 0 0 0 0 0 0 0 0 0 0 0 0 0 C C C C C C C C C C C C 0 0 0 0 0 0 @
0 0 7 F F F F F F F 7 7 7 7 7 7 7 7 7 7 8 8 8 6 6 6 6 6 6 4 4 4 4 4 4 4 4 4 4 4 4 4 0 0 0 4 4 4 0 0 0 4 4 8 C 8 6 6 6 6 6 6 4 4 4 4 6 8 0 8 8 8 8 7 7 7 7 7 7 7 7 7 7 8 8 8 8 8 8 8 8 4 8 8 8 C 6 4 8 6 2 2 2 2 2 2 2 8 0 0 0 0 0 0 0 0 0 0 0 0 0 0 0 0 0 0 0 0 0 0 0 0 0 0 0 0 0 0 0 0 0 0 0 0 0 0 0 0 0 0 0 0 0 0 0 0 C C C C C C C C C C C C 0 0 0 0 0 0 @
0 7 F F F F F F F 7 7 7 7 7 7 7 7 7 7 8 8 7 8 6 6 4 6 6 6 4 4 4 4 4 4 4 4 4 4 4 4 4 0 0 0 4 4 4 0 0 0 4 4 8 C 8 6 6 6 6 6 6 4 4 4 4 6 8 0 8 8 8 8 7 7 7 7 7 7 7 7 7 7 8 8 8 8 8 8 8 8 4 8 8 7 C 6 8 7 7 2 6 2 2 2 2 7 7 6 2 2 2 0 0 0 0 0 0 0 0 0 0 0 0 0 0 0 0 0 0 0 0 0 0 0 0 0 0 0 0 0 0 0 0 0 0 0 0 0 0 0 0 0 0 0 0 C C C C C C C C C C C C 0 0 0 0 0 0 @
7 F F F F F F F 7 7 7 7 7 7 7 7 7 7 8 8 7 C 6 6 4 4 6 6 6 4 4 4 4 4 4 4 4 4 4 4 4 4 4 4 4 4 4 4 0 0 0 4 4 8 C 8 6 6 6 6 6 6 6 4 4 4 6 8 0 8 8 8 8 7 7 7 7 7 7 7 7 7 7 8 8 8 8 8 8 8 8 8 8 8 7 7 8 2 2 2 2 2 2 2 2 2 2 6 6 6 6 2 2 0 0 0 0 0 0 0 0 0 0 0 0 0 0 0 0 0 0 0 0 0 0 0 0 0 0 0 0 0 0 0 0 0 0 0 0 0 0 0 0 0 0 0 C C C C C C C C C C C C 0 0 0 0 0 0 @
F F F F F F F 7 7 7 7 7 7 7 7 7 7 8 8 8 8 6 6 6 4 6 6 6 6 4 4 4 4 4 4 4 4 4 4 4 4 4 4 0 0 4 4 4 0 0 0 4 4 8 C 8 6 6 6 6 6 6 6 6 6 6 6 8 4 4 8 8 8 7 7 7 7 7 7 7 7 7 8 8 8 8 8 8 8 8 8 8 8 8 C 7 2 2 2 2 2 2 2 2 2 2 6 2 0 2 6 6 2 0 0 0 0 0 0 0 0 0 0 0 0 0 0 0 0 0 0 0 0 0 0 0 0 0 0 0 0 0 0 0 0 0 0 0 0 0 0 0 0 0 0 0 F F F F F F F F F F F F 0 0 0 0 0 0 @
F F F F F F 7 7 7 7 7 7 7 7 7 7 8 2 8 8 8 6 8 8 4 4 6 6 6 4 4 4 4 4 4 4 4 4 4 4 4 6 4 4 0 4 4 4 4 0 0 4 4 C C 6 6 6 6 6 6 6 6 6 6 6 8 8 4 4 8 8 8 8 8 7 7 7 7 7 7 7 8 8 7 8 8 8 8 8 6 8 8 6 C 7 2 2 2 2 2 2 2 2 2 6 2 2 0 0 2 2 2 2 2 0 2 0 0 0 0 0 0 0 0 0 0 0 0 0 0 0 0 0 0 0 0 0 0 0 0 0 0 0 0 0 0 0 0 0 0 0 0 0 0 0 F F F F F F F F F F F F 0 0 0 0 0 0 @
F F F F F 7 7 7 7 7 7 7 7 7 7 8 2 2 8 8 8 6 6 8 4 4 6 6 6 4 4 4 4 4 4 4 4 4 4 4 4 4 4 4 4 4 4 4 4 0 4 4 4 C C 6 6 6 6 6 6 6 6 6 6 6 8 8 4 4 8 8 8 8 8 7 7 8 7 7 7 8 8 8 8 8 8 8 8 8 4 8 8 6 C 7 2 2 2 2 6 6 6 6 2 0 0 0 0 0 0 2 2 2 2 2 2 2 0 0 0 0 0 0 0 0 0 0 0 0 0 0 0 0 0 0 0 0 0 0 0 0 0 0 0 0 0 0 0 0 0 0 0 0 0 0 F F F F F F F F F F F F 0 0 0 0 0 0 @
F F F F 7 7 7 7 7 7 7 7 7 7 8 2 2 2 6 8 8 8 6 6 6 4 4 6 6 6 4 4 4 4 4 4 4 4 4 4 4 4 4 4 0 0 4 4 4 0 4 4 4 C C 6 6 6 6 6 6 6 6 6 6 6 8 8 4 4 8 8 8 8 7 7 8 7 7 7 7 8 7 8 8 8 8 8 8 8 4 6 6 7 7 8 2 2 6 2 2 0 0 0 0 0 0 0 0 0 0 2 2 2 2 2 2 2 0 0 0 0 0 0 0 0 0 0 0 0 0 0 0 0 0 0 0 0 0 0 0 0 0 0 0 0 0 0 0 0 0 0 0 0 0 0 F F F F F F F F F F F F 0 0 0 0 0 0 @
F F F 7 7 7 7 7 7 7 7 7 7 8 2 2 2 2 6 8 8 7 6 6 6 4 4 6 6 6 6 4 4 4 4 4 4 4 4 4 4 4 4 4 4 0 4 4 4 0 8 4 4 C C 6 6 6 6 6 8 6 6 6 8 8 8 8 4 4 8 8 8 8 7 7 8 8 8 8 8 8 7 7 8 8 8 8 8 8 6 6 6 7 7 8 6 6 6 2 0 0 0 0 0 0 0 0 0 0 0 2 2 2 2 2 2 2 0 0 0 0 0 0 0 0 0 0 0 0 0 0 0 0 0 0 0 0 0 0 0 0 0 0 0 0 0 0 0 0 0 0 0 0 0 0 F F F F F F F F F F F F 0 0 0 0 0 0 @
F F 7 7 7 7 7 7 7 7 7 7 8 2 2 2 2 2 2 8 8 7 6 6 6 4 4 6 8 6 6 4 4 4 4 4 4 4 4 4 4 4 4 4 4 0 4 4 4 0 8 8 8 C C 6 6 6 6 6 6 6 6 6 8 8 8 8 4 4 8 8 8 7 7 7 7 8 0 8 8 8 7 8 8 8 8 8 8 8 8 6 8 C 7 8 8 6 6 0 0 0 0 0 0 0 0 0 0 0 0 0 2 2 2 2 2 0 0 0 0 0 0 0 0 0 0 0 0 0 0 0 0 0 0 0 0 0 0 0 0 0 0 0 0 0 0 0 0 0 0 0 0 0 0 0 F F F F F F F F F F F F 0 0 0 0 0 0 @
F 7 7 7 7 7 7 7 7 7 7 8 2 2 6 2 2 2 2 6 8 C 6 4 8 6 4 4 8 6 6 4 4 4 4 4 4 4 4 4 4 4 4 4 4 4 4 4 4 4 8 4 8 C C 8 6 6 6 6 8 6 6 6 8 8 8 8 4 4 8 8 8 7 7 7 7 8 4 8 8 8 7 8 8 8 8 8 8 4 8 6 6 C 7 8 8 6 0 0 0 0 0 0 0 0 0 0 0 0 0 0 2 2 2 2 2 0 0 0 0 0 0 0 0 0 0 0 0 0 0 0 0 0 0 0 0 0 0 0 0 0 0 0 0 0 0 0 0 0 0 0 0 0 0 0 F F F F F F F F F F F F 0 0 0 0 0 0 @
7 7 7 7 7 7 7 7 7 7 8 0 0 2 2 2 6 6 2 6 8 7 8 4 8 6 4 4 6 8 6 4 4 4 4 4 4 6 4 4 4 4 4 4 4 4 0 4 4 4 8 4 8 C C 8 6 6 6 6 8 6 6 6 8 8 8 8 4 4 8 8 8 7 7 7 7 8 8 8 8 8 8 8 8 8 8 8 8 8 8 6 C C 8 8 6 6 2 0 0 0 0 0 0 0 0 0 0 0 0 0 2 2 2 2 2 2 0 0 0 0 0 0 0 0 0 0 0 0 0 0 0 0 0 0 0 0 0 0 0 0 0 0 0 0 0 0 0 0 0 0 0 0 0 0 F F F F F F F F F F F F 0 0 0 0 0 0 @
7 7 7 7 7 7 7 7 7 8 0 0 0 0 0 0 6 6 2 2 8 8 8 4 6 6 4 4 6 8 6 6 4 4 4 4 6 6 4 4 4 4 4 4 4 4 0 4 4 4 8 4 8 C C 8 6 6 6 6 8 6 6 6 8 8 8 8 4 4 8 8 8 7 7 7 7 8 8 8 8 8 8 8 8 8 8 8 8 8 8 6 C C 8 8 6 6 6 2 2 0 0 0 0 0 0 0 0 0 0 0 0 2 2 2 6 2 0 0 0 0 0 2 2 0 0 0 0 0 0 0 0 0 0 0 0 0 0 0 0 0 0 0 0 0 0 0 0 0 0 0 0 0 0 0 F F F F F F F F F F F F 0 0 0 0 0 0 @
7 7 7 7 7 7 7 7 8 0 0 0 0 0 0 0 2 6 2 2 8 8 8 4 6 6 4 4 6 8 6 6 4 4 4 4 4 6 4 4 4 4 4 4 4 4 0 0 0 8 8 8 8 C C 8 8 6 6 6 8 8 6 6 8 8 8 8 8 4 8 8 8 7 7 7 7 8 8 8 8 8 8 8 8 8 8 8 8 8 6 6 C C 8 8 6 6 6 6 6 2 2 6 2 2 0 0 0 0 0 0 0 2 6 6 6 2 2 2 0 2 8 2 2 8 2 0 0 0 0 0 0 0 0 0 0 0 0 0 0 0 0 0 0 0 0 0 0 0 0 0 0 0 0 0 F F F F F F F F F F F F 0 0 0 0 0 0 @
7 7 7 7 7 7 7 8 2 0 0 0 0 0 0 0 0 2 2 2 8 8 8 4 4 6 6 4 4 8 6 6 6 4 4 4 4 6 4 4 4 4 4 4 4 4 0 0 4 8 8 8 8 C C 8 8 6 6 6 8 8 6 6 8 8 7 8 8 4 8 8 8 7 7 7 8 7 7 8 8 8 8 8 8 8 8 8 8 8 6 6 C 7 8 8 6 6 2 2 2 6 6 6 2 2 8 6 6 2 0 0 2 2 6 6 6 2 2 2 2 2 6 2 2 8 8 2 0 0 0 0 0 0 0 0 0 0 0 0 0 0 0 0 0 0 0 0 0 0 0 0 0 0 0 0 F F F F F F F F F F F F 0 0 0 0 0 0 @
7 7 7 7 7 7 7 2 0 0 0 0 0 0 0 0 0 0 2 2 6 8 8 4 0 6 6 4 4 6 8 6 6 4 4 4 4 6 8 4 4 4 4 4 4 4 0 0 4 8 8 8 8 C C 8 8 C 6 6 8 8 6 8 8 8 7 7 8 4 8 8 8 7 7 7 7 7 8 8 8 8 8 8 8 8 8 8 8 8 6 6 C 7 8 8 6 6 6 6 2 2 6 6 2 2 2 8 6 6 2 2 6 2 2 2 2 2 2 2 2 2 2 2 6 6 6 6 0 0 0 0 0 0 0 0 0 0 0 0 0 0 0 0 0 0 0 0 0 0 0 0 0 0 0 0 F F F F F F F F F F F F 0 0 0 0 0 0 @
7 7 7 7 7 7 2 0 0 0 0 0 0 0 0 0 0 0 2 2 6 8 6 4 0 6 8 6 4 6 8 6 6 4 4 4 4 4 8 8 4 4 4 4 4 4 0 0 0 8 8 8 8 C C 8 8 C 6 6 8 8 6 8 8 8 7 8 8 4 8 8 8 7 7 7 7 7 8 8 8 8 8 8 8 8 8 8 8 8 6 6 C 8 8 8 0 0 0 2 2 6 6 6 6 2 2 6 6 6 6 2 6 2 0 0 0 2 2 2 2 2 2 2 2 2 2 2 0 0 0 0 0 0 0 0 0 0 0 0 0 0 0 0 0 0 0 0 0 0 0 0 0 0 0 0 0 0 0 0 0 0 0 0 0 0 0 0 0 0 0 0 0 0 @
7 7 7 7 7 8 0 0 0 0 0 0 0 0 2 2 2 2 2 2 6 8 C 4 0 4 8 6 4 4 8 8 6 6 4 4 4 4 6 8 6 4 4 4 4 4 0 0 0 8 8 8 8 C C 8 8 6 6 6 8 8 6 8 8 8 8 7 8 4 4 4 4 8 7 7 7 8 8 8 8 8 8 8 8 8 8 8 8 6 6 C C 8 8 8 0 0 2 2 2 6 6 6 6 6 6 6 6 6 6 6 2 2 0 0 0 2 2 2 2 2 2 2 0 0 0 0 0 0 0 0 0 0 0 0 0 0 0 0 0 0 0 0 0 0 0 0 0 0 0 0 0 0 0 0 0 0 0 0 0 0 0 0 0 0 0 0 0 0 0 0 0 0 @
7 7 7 7 8 0 0 0 0 0 0 0 0 2 2 2 2 2 2 2 6 8 C 8 0 4 6 6 4 4 8 6 6 6 4 4 4 4 4 8 6 4 4 4 4 4 0 0 0 7 8 8 8 C C 8 8 6 6 8 8 8 6 8 8 8 8 7 8 6 4 4 4 8 7 7 7 8 8 8 8 8 7 7 7 8 8 8 8 6 6 C C 8 8 8 0 2 6 6 6 2 2 2 6 2 2 6 2 2 2 2 2 0 0 0 0 2 2 2 2 2 2 2 0 0 0 0 0 0 0 0 0 0 0 0 0 0 0 0 0 0 0 0 0 0 0 0 0 0 0 0 0 0 0 0 0 0 0 0 0 0 0 0 0 0 0 0 0 0 0 0 0 0 @
7 7 7 8 0 0 0 0 0 0 0 0 0 2 2 2 2 2 2 2 2 8 C 8 0 4 4 6 4 4 6 6 6 6 6 4 4 4 4 8 6 4 4 4 4 4 0 0 4 7 8 8 8 C C 8 8 6 6 8 8 8 6 8 8 8 8 7 8 8 4 4 4 7 7 7 7 8 8 8 8 7 7 7 7 8 8 8 8 6 6 C 7 8 7 8 6 6 6 6 6 2 2 2 6 2 2 2 2 2 0 0 0 0 0 0 0 2 2 2 2 2 2 2 0 0 0 0 0 0 0 0 0 0 0 0 0 0 0 0 0 0 0 0 0 0 0 0 0 0 0 0 0 0 0 0 0 0 0 0 0 0 0 0 0 0 0 0 0 0 0 0 0 0 @
%